1000 178.6290 
1500 248.5969 
2000 294.8089 
2500 318.2502 
3000 336.2408 
3500 354.8422 
4000 359.4349 
4500 366.8574 
5000 375.6661 
5500 374.6791 
6000 380.2246 
6500 377.5536 
7000 377.2101 
7500 381.4145 
8000 383.4361 
8500 374.1644 
9000 383.0041 
9500 376.9295 
10000 380.3564 
10500 384.6052 
11000 381.9183 
11500 381.0894 
12000 383.4730 
12500 384.5695 
13000 384.6749 
13500 381.6511 
14000 382.2823 
14500 378.3537 
15000 380.1541 
15500 378.5370 
16000 384.1145 
16500 383.2780 
17000 379.9603 
17500 385.2554 
18000 384.7411 
18500 384.5832 
19000 386.3034 
19500 382.7263 
20000 388.2669 
20500 386.0035 
21000 382.1396 
21500 385.6914 
22000 385.6867 
22500 385.4224 
23000 384.0291 
23500 386.7468 
24000 383.5021 
24500 384.0540 
25000 381.6285 
25500 386.6340 
26000 380.2306 
26500 385.5117 
27000 383.8067 
27500 379.1163 
28000 384.1324 
28500 383.0427 
29000 384.0987 
29500 386.3723 
30000 380.9478 
30500 381.0078 
31000 381.0412 
31500 380.3528 
32000 385.1365 
32500 383.2974 
33000 380.7122 
33500 380.6294 
34000 384.2629 
34500 381.7922 
35000 383.9300 
35500 384.4712 
36000 380.3529 
36500 380.4024 
37000 384.4296 
37500 382.0607 
38000 382.6317 
38500 383.6562 
39000 383.0232 
39500 380.6927 
40000 389.2769 
40500 379.5878 
41000 379.8404 
41500 383.3024 
42000 383.5016 
42500 380.4560 
43000 383.0733 
43500 382.6908 
44000 380.4396 
44500 378.7221 
45000 385.6950 
45500 382.7448 
46000 383.0069 
46500 381.6552 
47000 379.1444 
47500 379.1111 
48000 380.6834 
48500 377.5177 
49000 379.6744 
49500 382.4656 
50000 383.0029 
50500 382.3586 
51000 384.7621 
51500 384.3399 
52000 380.9520 
52500 381.0959 
53000 381.5878 
53500 372.3487 
54000 384.6694 
54500 386.4749 
55000 385.0266 
55500 383.2491 
56000 386.1258 
56500 380.8737 
57000 382.3388 
57500 384.6971 
58000 382.0421 
58500 387.2062 
59000 384.3453 
59500 380.4380 
60000 385.2186 
60500 384.1230 
61000 380.5090 
61500 380.6162 
62000 382.5880 
62500 383.1693 
63000 380.4844 
63500 381.3111 
64000 383.2817 
64500 383.1604 
65000 380.5629 
65500 379.8423 
66000 382.6537 
66500 382.4317 
67000 387.5555 
67500 383.3959 
68000 384.2071 
68500 385.3577 
69000 379.7074 
69500 386.3975 
70000 381.5746 
70500 380.5499 
71000 382.1858 
71500 383.7492 
72000 386.1210 
72500 384.4332 
73000 382.2299 
73500 384.7161 
74000 381.8825 
74500 387.6446 
75000 380.2988 
75500 384.1115 
76000 382.5748 
76500 378.8653 
77000 379.8716 
77500 379.3440 
78000 378.1612 
78500 384.3303 
79000 381.1733 
79500 383.6815 
80000 381.0220 
80500 384.0594 
81000 384.9149 
81500 382.3360 
82000 380.3131 
82500 385.5198 
83000 381.1165 
83500 376.0750 
84000 382.4711 
84500 383.4746 
85000 383.9280 
85500 380.9994 
86000 386.0960 
86500 381.6872 
87000 385.6109 
87500 388.0653 
88000 385.2505 
88500 384.9368 
89000 384.3399 
89500 383.8131 
90000 383.0834 
90500 382.3844 
91000 381.5433 
91500 382.5246 
92000 381.0908 
92500 378.4161 
93000 376.1658 
93500 378.9675 
94000 380.0985 
94500 381.7563 
95000 381.6306 
95500 376.3415 
96000 378.2922 
96500 374.3563 
97000 378.8300 
97500 379.3337 
98000 382.8468 
98500 380.5529 
99000 381.5364 
99500 380.4644 
100000 378.4832 
100500 381.4704 
101000 381.1699 
101500 385.9223 
102000 380.9998 
102500 378.8456 
103000 380.4081 
103500 380.2638 
104000 384.6602 
104500 381.5392 
105000 379.6863 
105500 384.9755 
106000 381.0197 
106500 383.8748 
107000 388.1106 
107500 382.5757 
108000 378.7675 
108500 377.6051 
109000 378.3838 
109500 382.3754 
110000 383.3357 
110500 387.0369 
111000 382.7492 
111500 386.7075 
112000 382.3874 
112500 382.5197 
113000 381.0726 
113500 381.4990 
114000 383.4148 
114500 382.5521 
115000 378.2959 
115500 378.6538 
116000 386.2773 
116500 387.4094 
117000 388.7751 
117500 387.9976 
118000 384.9037 
118500 382.1891 
119000 380.9955 
119500 380.9853 
120000 381.5992 
120500 382.5693 
121000 380.1181 
121500 387.4960 
122000 386.3006 
122500 376.7281 
123000 382.7594 
123500 384.8642 
124000 384.3840 
124500 383.5638 
125000 380.4268 
125500 386.8232 
126000 383.9651 
126500 380.1431 
127000 378.1027 
127500 378.3790 
128000 381.7647 
128500 378.2853 
129000 381.4317 
129500 383.1926 
130000 379.4825 
130500 382.7614 
131000 382.1780 
131500 377.9075 
132000 379.5486 
132500 383.3128 
133000 382.0832 
133500 384.4949 
134000 377.6656 
134500 382.1835 
135000 380.6209 
135500 383.7090 
136000 383.3647 
136500 378.0780 
137000 383.2357 
137500 378.3450 
138000 380.2042 
138500 379.1646 
139000 380.1530 
139500 380.9377 
140000 384.8051 
140500 385.1663 
141000 387.3505 
141500 386.3291 
142000 382.5277 
142500 384.8733 
143000 381.2713 
143500 380.4136 
144000 386.2614 
144500 381.5967 
145000 385.0002 
145500 382.9614 
146000 381.5340 
146500 383.2505 
147000 385.0940 
147500 383.7044 
148000 383.2202 
148500 389.9349 
149000 385.8622 
149500 381.9720 
150000 385.3041 
150500 380.5453 
151000 381.6661 
151500 379.4845 
152000 379.1107 
152500 377.1196 
153000 382.9932 
153500 377.9894 
154000 377.0380 
154500 381.1701 
155000 386.9034 
155500 378.5436 
156000 383.1211 
156500 381.6662 
157000 381.1739 
157500 386.0481 
158000 382.1260 
158500 374.6773 
159000 378.3880 
159500 382.5802 
160000 377.6150 
160500 383.7905 
161000 380.1270 
161500 384.9206 
162000 379.0379 
162500 381.6944 
163000 383.2641 
163500 382.1592 
164000 378.7754 
164500 384.0981 
165000 387.5290 
165500 384.2325 
166000 382.5035 
166500 379.1988 
167000 379.3325 
167500 376.1072 
168000 383.0711 
168500 381.1894 
169000 379.1944 
169500 385.1818 
170000 385.7982 
170500 379.7049 
171000 379.8737 
171500 380.1621 
172000 385.5126 
172500 380.6978 
173000 381.6992 
173500 379.8667 
174000 384.5480 
174500 383.3998 
175000 378.0556 
175500 378.0146 
176000 379.7836 
176500 383.5155 
177000 380.3691 
177500 383.1683 
178000 381.1023 
178500 380.2511 
179000 377.0642 
179500 382.5910 
180000 381.6295 
180500 381.5064 
181000 383.5431 
181500 379.4718 
182000 386.7076 
182500 384.2340 
183000 382.8895 
183500 383.0222 
184000 388.9967 
184500 384.2499 
185000 383.9539 
185500 380.3983 
186000 383.6954 
186500 382.3190 
187000 378.5347 
187500 379.6757 
188000 381.1872 
188500 384.0735 
189000 388.1089 
189500 382.5342 
190000 390.2194 
190500 382.1681 
191000 385.5355 
191500 381.6135 
192000 385.1446 
192500 379.6676 
193000 384.3799 
193500 386.3749 
194000 384.0175 
194500 383.2379 
195000 384.1268 
195500 384.2686 
196000 384.3399 
196500 386.6913 
197000 385.2292 
197500 384.9913 
198000 379.9070 
198500 379.0574 
199000 378.3582 
199500 379.4929 
200000 375.9228 
200500 382.3421 
201000 384.1184 
201500 384.0235 
202000 384.4178 
202500 381.0319 
203000 389.5309 
203500 382.4639 
204000 382.9960 
204500 379.3796 
205000 378.9425 
205500 382.5144 
206000 385.6673 
206500 383.6927 
207000 379.3435 
207500 378.0777 
208000 380.8883 
208500 380.2707 
209000 378.6173 
209500 383.3399 
210000 383.0122 
210500 381.3309 
211000 383.6558 
211500 382.1982 
212000 382.2607 
212500 382.3165 
213000 383.3856 
213500 380.6427 
214000 379.7094 
214500 376.0451 
215000 381.6602 
215500 384.7047 
216000 385.2306 
216500 382.2713 
217000 381.9489 
217500 378.5975 
218000 381.8734 
218500 379.2741 
219000 384.2333 
219500 385.3405 
220000 373.1387 
220500 378.2257 
221000 379.9296 
221500 379.3865 
222000 383.4770 
222500 378.7792 
223000 386.1477 
223500 381.7123 
224000 380.2706 
224500 381.9852 
225000 380.4491 
225500 382.9083 
226000 383.3923 
226500 387.9775 
227000 378.4837 
227500 378.0196 
228000 383.6107 
228500 381.6416 
229000 376.0332 
229500 381.8183 
230000 381.5262 
230500 383.3889 
231000 384.0262 
231500 380.4642 
232000 372.9650 
232500 377.6631 
233000 376.1488 
233500 378.2863 
234000 379.1826 
234500 381.8499 
235000 375.4755 
235500 379.1739 
236000 386.0879 
236500 377.3725 
237000 377.9887 
237500 380.9480 
238000 382.1109 
238500 381.3460 
239000 386.8760 
239500 383.6716 
240000 380.3101 
240500 382.3871 
241000 379.0979 
241500 380.1128 
242000 379.3108 
242500 381.6080 
243000 382.1422 
243500 381.4378 
244000 386.7524 
244500 384.8761 
245000 383.8737 
245500 382.5708 
246000 383.3149 
246500 385.9848 
247000 378.0602 
247500 382.6881 
248000 381.9367 
248500 379.9076 
249000 380.3638 
249500 383.8195 
250000 377.0888 
250500 380.9794 
251000 379.6831 
251500 377.8345 
252000 381.2259 
252500 380.1314 
253000 381.2427 
253500 380.7566 
254000 384.3140 
254500 392.2738 
255000 382.3873 
255500 380.4613 
256000 383.8391 
256500 381.5139 
257000 380.7958 
257500 378.2903 
258000 377.6159 
258500 382.4367 
259000 375.3560 
259500 378.7337 
260000 382.6919 
260500 384.5248 
261000 384.7093 
261500 382.8175 
262000 380.7449 
262500 388.4326 
263000 386.0638 
263500 382.9044 
264000 386.9730 
264500 385.7181 
265000 389.5708 
265500 381.9220 
266000 383.1501 
266500 387.6218 
267000 381.3747 
267500 380.4057 
268000 382.3328 
268500 375.0024 
269000 381.4238 
269500 377.1704 
270000 376.6557 
270500 382.4098 
271000 381.0330 
271500 384.3849 
272000 384.7524 
272500 385.6853 
273000 385.3078 
273500 383.0470 
274000 380.2362 
274500 381.2093 
275000 381.4176 
275500 379.2298 
276000 381.4173 
276500 378.8705 
277000 384.4163 
277500 384.1791 
278000 380.7769 
278500 384.4648 
279000 378.0966 
279500 382.6310 
280000 378.9508 
280500 379.4464 
281000 381.1840 
281500 381.1501 
282000 381.6721 
282500 381.8817 
283000 381.3014 
283500 383.9252 
284000 380.6305 
284500 381.4598 
285000 381.7877 
285500 388.6018 
286000 381.9577 
286500 379.6478 
287000 386.0429 
287500 383.4623 
288000 389.4896 
288500 387.0935 
289000 380.9664 
289500 380.8213 
290000 386.6255 
290500 379.8126 
291000 386.8189 
291500 381.9063 
292000 378.7103 
292500 382.4205 
293000 386.2768 
293500 378.5216 
294000 383.8650 
294500 382.5347 
295000 385.3520 
295500 382.6674 
296000 384.9415 
296500 380.8668 
297000 386.3784 
297500 382.2828 
298000 378.7904 
298500 381.7956 
299000 381.9156 
299500 382.6012 
300000 379.8080 
300500 381.7883 
301000 380.9319 
301500 378.8185 
302000 379.9748 
302500 378.4296 
303000 378.9938 
303500 380.0492 
304000 381.0562 
304500 384.3459 
305000 377.8571 
305500 377.4060 
306000 383.4312 
306500 384.7823 
307000 381.9881 
307500 381.3287 
308000 383.2453 
308500 382.4284 
309000 386.5415 
309500 387.5954 
310000 384.8005 
310500 380.6388 
311000 383.0473 
311500 384.1090 
312000 379.9478 
312500 379.4238 
313000 385.9884 
313500 379.2917 
314000 383.8738 
314500 375.7498 
315000 380.0043 
315500 378.3034 
316000 380.9574 
316500 380.7203 
317000 383.9896 
317500 380.8527 
318000 381.6839 
318500 385.1205 
319000 382.2700 
319500 380.2611 
320000 382.8652 
320500 379.5931 
321000 385.8279 
321500 385.8630 
322000 384.1416 
322500 383.6442 
323000 379.5286 
323500 380.1605 
324000 380.1323 
324500 383.7883 
325000 386.1856 
325500 377.5213 
326000 381.0455 
326500 386.3214 
327000 388.6197 
327500 378.5040 
328000 386.3127 
328500 385.6135 
329000 384.8152 
329500 384.1853 
330000 379.2917 
330500 384.0330 
331000 383.3321 
331500 385.2110 
332000 382.9846 
332500 388.3208 
333000 381.8336 
333500 379.2915 
334000 379.1135 
334500 376.0470 
335000 379.5137 
335500 384.3248 
336000 380.9477 
336500 378.7851 
337000 384.6106 
337500 378.4868 
338000 381.5642 
338500 380.2583 
339000 383.1718 
339500 385.1224 
340000 377.9211 
340500 382.6895 
341000 381.9545 
341500 379.4498 
342000 381.3059 
342500 380.5403 
343000 378.4726 
343500 383.7585 
344000 384.7405 
344500 379.3338 
345000 381.1256 
345500 376.3807 
346000 380.0608 
346500 381.6809 
347000 380.0364 
347500 383.3223 
348000 381.8328 
348500 382.0281 
349000 381.6993 
349500 387.4590 
350000 379.2814 
350500 383.1594 
351000 382.0837 
351500 384.7333 
352000 384.9026 
352500 386.1489 
353000 387.1645 
353500 385.4509 
354000 385.0368 
354500 385.1295 
355000 383.6651 
355500 383.1081 
356000 387.4947 
356500 381.1766 
357000 382.9256 
357500 379.2612 
358000 378.9102 
358500 384.5479 
359000 384.3978 
359500 382.4829 
360000 384.7441 
360500 379.3679 
361000 376.0411 
361500 378.2875 
362000 382.2523 
362500 377.9515 
363000 382.4103 
363500 382.5250 
364000 381.1927 
364500 379.1684 
365000 379.9953 
365500 376.3994 
366000 380.6215 
366500 383.6923 
367000 383.0990 
367500 380.6939 
368000 378.4852 
368500 381.9518 
369000 388.6601 
369500 377.8169 
370000 381.0337 
370500 379.7753 
371000 376.6255 
371500 380.3422 
372000 380.5721 
372500 384.0195 
373000 381.6769 
373500 376.9513 
374000 385.6256 
374500 379.2481 
375000 380.2071 
375500 378.6019 
376000 383.7393 
376500 381.4760 
377000 379.5839 
377500 381.3409 
378000 382.6431 
378500 382.4107 
379000 381.2638 
379500 379.4334 
380000 376.0102 
380500 383.0095 
381000 378.1268 
381500 380.7583 
382000 382.3174 
382500 386.3529 
383000 384.0552 
383500 381.6106 
384000 391.0899 
384500 386.5035 
385000 382.1933 
385500 387.6925 
386000 385.7543 
386500 384.4149 
387000 381.9478 
387500 385.8094 
388000 380.9080 
388500 380.9613 
389000 377.5528 
389500 378.7172 
390000 380.4734 
390500 382.9227 
391000 380.3810 
391500 381.8265 
392000 381.0489 
392500 384.2291 
393000 384.6577 
393500 384.4967 
394000 382.4990 
394500 382.2032 
395000 383.3571 
395500 383.8893 
396000 386.7639 
396500 387.1979 
397000 381.2329 
397500 385.3133 
398000 379.6665 
398500 379.8488 
399000 381.0396 
399500 380.1058 
400000 383.2688 
400500 384.2595 
401000 379.2006 
401500 379.6797 
402000 378.8971 
402500 381.1301 
403000 385.8002 
403500 382.2738 
404000 379.5642 
404500 378.2624 
405000 381.3432 
405500 377.2554 
406000 382.7200 
406500 382.1130 
407000 384.9460 
407500 378.3972 
408000 376.9657 
408500 381.4334 
409000 384.1652 
409500 382.1703 
410000 381.7018 
410500 379.4909 
411000 384.6019 
411500 384.2388 
412000 379.0730 
412500 385.9363 
413000 381.4672 
413500 384.4098 
414000 381.9496 
414500 384.8237 
415000 385.1803 
415500 384.5280 
416000 380.2877 
416500 380.6578 
417000 383.5252 
417500 382.4588 
418000 385.3490 
418500 384.0974 
419000 384.5720 
419500 381.8207 
420000 385.1346 
420500 387.1935 
421000 378.0796 
421500 379.8557 
422000 384.3894 
422500 379.9826 
423000 374.5839 
423500 381.1934 
424000 380.3787 
424500 379.5473 
425000 383.4220 
425500 384.3516 
426000 370.6878 
426500 382.1186 
427000 376.4390 
427500 379.7895 
428000 382.9279 
428500 382.1149 
429000 381.3655 
429500 383.5085 
430000 387.2797 
430500 380.9913 
431000 383.8695 
431500 387.3059 
432000 382.0469 
432500 381.0315 
433000 383.0717 
433500 385.3311 
434000 376.3575 
434500 384.9552 
435000 384.2472 
435500 382.4723 
436000 382.5472 
436500 379.2780 
437000 379.8517 
437500 375.4015 
438000 378.6800 
438500 380.1204 
439000 382.2696 
439500 382.8720 
440000 377.2490 
440500 386.6538 
441000 383.7894 
441500 380.7757 
442000 384.8902 
442500 381.1044 
443000 379.2539 
443500 383.0057 
444000 380.6857 
444500 378.2041 
445000 385.0964 
445500 384.1877 
446000 378.4792 
446500 381.1438 
447000 382.5611 
447500 381.5697 
448000 383.0592 
448500 380.1707 
449000 382.6091 
449500 384.3827 
450000 384.0991 
450500 383.7830 
451000 382.8848 
451500 383.0367 
452000 384.4433 
452500 388.0270 
453000 384.5113 
453500 383.2015 
454000 384.3269 
454500 379.7665 
455000 382.9050 
455500 380.8870 
456000 382.7700 
456500 380.5959 
457000 380.8308 
457500 377.3122 
458000 379.4059 
458500 384.5048 
459000 384.3936 
459500 383.5246 
460000 378.9116 
460500 383.8048 
461000 383.4974 
461500 381.4076 
462000 385.7184 
462500 386.9892 
463000 384.7860 
463500 385.7062 
464000 383.1739 
464500 380.7973 
465000 389.6185 
465500 389.7144 
466000 377.7072 
466500 383.8380 
467000 386.9892 
467500 380.4976 
468000 384.4154 
468500 376.1324 
469000 382.7756 
469500 378.8174 
470000 382.8157 
470500 383.4341 
471000 388.1291 
471500 376.7891 
472000 375.9434 
472500 378.5188 
473000 380.3485 
473500 379.9574 
474000 380.3467 
474500 377.7212 
475000 379.1814 
475500 380.9162 
476000 376.2058 
476500 379.8037 
477000 377.8889 
477500 377.8565 
478000 379.8984 
478500 378.4547 
479000 382.0891 
479500 376.8249 
480000 382.8840 
480500 379.6382 
481000 383.6543 
481500 380.9198 
482000 383.0652 
482500 381.4330 
483000 379.2016 
483500 383.2676 
484000 379.5596 
484500 383.9095 
485000 386.5685 
485500 379.7605 
486000 377.7023 
486500 381.6832 
487000 381.2200 
487500 381.1640 
488000 380.7522 
488500 380.1367 
489000 376.3472 
489500 381.1557 
490000 384.7040 
490500 381.4114 
491000 379.9609 
491500 383.8087 
492000 384.4094 
492500 385.8751 
493000 385.1513 
493500 380.9360 
494000 385.7053 
494500 378.3533 
495000 379.5485 
495500 387.6788 
496000 383.9862 
496500 383.8505 
497000 386.5828 
497500 381.1677 
498000 386.0759 
498500 383.2105 
499000 381.9013 
499500 383.0054 
500000 384.9784 
500500 382.4619 
501000 385.3582 
501500 385.9904 
502000 381.3675 
502500 384.1235 
503000 382.2631 
503500 378.1176 
504000 376.4127 
504500 378.6487 
505000 378.5748 
505500 380.8465 
506000 382.7713 
506500 381.6255 
507000 389.8409 
507500 385.7999 
508000 378.9945 
508500 380.9377 
509000 383.1380 
509500 377.0819 
510000 384.6944 
510500 379.0040 
511000 382.7041 
511500 383.9123 
512000 378.5871 
512500 379.2592 
513000 382.1638 
513500 382.3220 
514000 380.6100 
514500 379.2896 
515000 382.5741 
515500 377.1997 
516000 378.8401 
516500 378.8372 
517000 380.6225 
517500 384.6476 
518000 378.0688 
518500 378.9147 
519000 384.3812 
519500 388.5913 
520000 383.3853 
520500 389.0636 
521000 385.6726 
521500 379.9857 
522000 381.1068 
522500 383.6204 
523000 382.2603 
523500 389.3133 
524000 385.9310 
524500 380.7666 
525000 383.8943 
525500 385.3193 
526000 380.9472 
526500 388.4691 
527000 382.3624 
527500 380.9191 
528000 380.8091 
528500 380.2160 
529000 378.9285 
529500 382.5296 
530000 383.6434 
530500 380.4448 
531000 375.8504 
531500 382.1257 
532000 383.9862 
532500 382.1124 
533000 378.7212 
533500 379.3185 
534000 379.9045 
534500 379.6765 
535000 385.1896 
535500 387.6221 
536000 383.7398 
536500 384.6004 
537000 384.1714 
537500 384.8513 
538000 384.1032 
538500 377.3682 
539000 381.4146 
539500 379.5447 
540000 377.0041 
540500 381.3227 
541000 384.8206 
541500 380.7408 
542000 380.3828 
542500 381.8448 
543000 377.9362 
543500 378.6062 
544000 385.2030 
544500 375.8329 
545000 383.0356 
545500 381.0783 
546000 382.1506 
546500 386.1246 
547000 383.0867 
547500 385.0298 
548000 381.5790 
548500 379.7664 
549000 381.4564 
549500 386.1796 
550000 381.7625 
550500 382.4865 
551000 379.0699 
551500 380.6718 
552000 386.0459 
552500 384.6907 
553000 382.8350 
553500 380.6259 
554000 380.9674 
554500 386.0760 
555000 383.2989 
555500 378.0109 
556000 391.0632 
556500 383.1862 
557000 385.5137 
557500 385.4753 
558000 388.1765 
558500 388.2887 
559000 385.9066 
559500 384.2232 
560000 385.0546 
560500 384.6878 
561000 383.3785 
561500 382.7093 
562000 381.9575 
562500 380.2045 
563000 384.4273 
563500 376.6507 
564000 381.4405 
564500 378.2425 
565000 378.5356 
565500 378.8081 
566000 377.5210 
566500 377.9874 
567000 382.7760 
567500 379.0191 
568000 388.1195 
568500 386.7965 
569000 378.3564 
569500 377.5528 
570000 384.7174 
570500 378.7166 
571000 381.8271 
571500 385.3883 
572000 374.7574 
572500 379.1503 
573000 382.5611 
573500 381.8937 
574000 380.4215 
574500 383.6489 
575000 379.4485 
575500 377.3904 
576000 381.5497 
576500 386.0462 
577000 380.8178 
577500 378.4972 
578000 381.3017 
578500 380.3218 
579000 381.1729 
579500 381.3479 
580000 382.1156 
580500 384.2370 
581000 382.4889 
581500 380.6057 
582000 387.4582 
582500 386.0343 
583000 387.1965 
583500 376.6309 
584000 381.5167 
584500 380.4716 
585000 384.1420 
585500 383.6285 
586000 383.2155 
586500 380.4895 
587000 377.9693 
587500 380.6106 
588000 381.5682 
588500 381.2780 
589000 383.2296 
589500 375.9028 
590000 377.3185 
590500 382.4967 
591000 384.3215 
591500 382.7439 
592000 383.6757 
592500 384.3233 
593000 382.1788 
593500 381.5281 
594000 383.5368 
594500 381.7984 
595000 379.0886 
595500 379.1988 
596000 387.7018 
596500 383.1639 
597000 381.1874 
597500 381.3587 
598000 380.3521 
598500 384.6239 
599000 381.5057 
599500 377.6609 
600000 375.7173 
600500 375.2193 
601000 377.9175 
601500 377.9618 
602000 371.4624 
602500 376.0689 
603000 380.8777 
603500 381.0182 
604000 381.1336 
604500 377.8475 
605000 378.8466 
605500 377.8160 
606000 381.7750 
606500 379.7321 
607000 382.9582 
607500 385.9885 
608000 387.0511 
608500 389.2741 
609000 381.0572 
609500 389.3454 
610000 378.9059 
610500 381.3970 
611000 378.8158 
611500 381.1311 
612000 380.1356 
612500 378.5217 
613000 382.9652 
613500 386.7686 
614000 385.8523 
614500 384.6383 
615000 379.8577 
615500 384.3746 
616000 385.1479 
616500 378.8838 
617000 380.7951 
617500 382.0655 
618000 381.0319 
618500 383.5114 
619000 386.7114 
619500 379.4375 
620000 379.8227 
620500 381.3923 
621000 386.3122 
621500 381.4520 
622000 381.4940 
622500 379.9383 
623000 384.0273 
623500 384.8717 
624000 382.3790 
624500 376.9614 
625000 379.8287 
625500 376.8863 
626000 380.2892 
626500 382.3166 
627000 384.0175 
627500 383.0750 
628000 386.1255 
628500 384.8570 
629000 388.3245 
629500 385.1577 
630000 385.4226 
630500 383.5299 
631000 376.6766 
631500 382.9542 
632000 384.0202 
632500 384.2406 
633000 382.4315 
633500 379.8934 
634000 377.7869 
634500 378.8537 
635000 382.1060 
635500 377.0718 
636000 382.4459 
636500 375.5073 
637000 382.7498 
637500 380.3451 
638000 384.2900 
638500 383.0452 
639000 383.8116 
639500 377.8884 
640000 381.3208 
640500 386.6238 
641000 383.7035 
641500 383.3717 
642000 388.4539 
642500 383.9198 
643000 385.1346 
643500 384.0566 
644000 382.1560 
644500 378.5703 
645000 380.6395 
645500 377.3583 
646000 381.6354 
646500 387.7349 
647000 384.8610 
647500 381.0018 
648000 381.9598 
648500 380.0800 
649000 384.1816 
649500 385.3656 
650000 380.1671 
650500 378.5541 
651000 376.8728 
651500 381.0543 
652000 380.7119 
652500 380.1092 
653000 384.7961 
653500 381.4102 
654000 382.2556 
654500 383.7957 
655000 384.1992 
655500 381.6659 
656000 378.3020 
656500 386.6931 
657000 387.3025 
657500 382.5254 
658000 379.7438 
658500 379.7308 
659000 381.7379 
659500 382.4456 
660000 381.3764 
660500 380.4865 
661000 381.8010 
661500 378.5889 
662000 384.5935 
662500 384.3635 
663000 376.3319 
663500 379.3379 
664000 381.0522 
664500 383.8051 
665000 385.7118 
665500 380.4402 
666000 382.4126 
666500 380.4316 
667000 381.4724 
667500 381.1777 
668000 384.3133 
668500 378.2708 
669000 382.9866 
669500 381.9430 
670000 385.6815 
670500 383.6005 
671000 386.3956 
671500 375.8995 
672000 377.8858 
672500 379.0868 
673000 382.6849 
673500 380.7965 
674000 379.5366 
674500 384.1813 
675000 388.6046 
675500 384.8496 
676000 383.9050 
676500 380.4759 
677000 386.0835 
677500 381.7441 
678000 381.5672 
678500 382.0413 
679000 383.7522 
679500 385.2958 
680000 386.4260 
680500 384.0910 
681000 386.2891 
681500 384.0749 
682000 379.5188 
682500 380.6637 
683000 379.9774 
683500 379.4428 
684000 385.8986 
684500 379.5886 
685000 379.6250 
685500 380.9129 
686000 384.2227 
686500 386.5743 
687000 383.2623 
687500 380.2460 
688000 380.9091 
688500 382.0932 
689000 381.7240 
689500 379.4399 
690000 378.2799 
690500 384.2363 
691000 378.7832 
691500 382.9405 
692000 380.4842 
692500 382.1617 
693000 381.1194 
693500 381.2578 
694000 382.0960 
694500 378.8070 
695000 381.1993 
695500 378.4589 
696000 385.5095 
696500 381.5421 
697000 383.7259 
697500 386.3044 
698000 381.7386 
698500 381.3043 
699000 383.1112 
699500 384.6400 
700000 383.6014 
700500 382.8374 
701000 381.4031 
701500 383.3138 
702000 382.2311 
702500 377.5944 
703000 382.7181 
703500 382.6517 
704000 385.4191 
704500 386.2873 
705000 379.1998 
705500 382.3092 
706000 380.7764 
706500 382.7764 
707000 389.5357 
707500 386.8528 
708000 382.3063 
708500 383.7124 
709000 385.6380 
709500 380.3826 
710000 384.1774 
710500 384.8264 
711000 387.9790 
711500 378.7929 
712000 384.8233 
712500 380.5305 
713000 376.5328 
713500 381.2129 
714000 385.1133 
714500 384.4971 
715000 383.3484 
715500 385.1853 
716000 384.8236 
716500 385.0682 
717000 379.3697 
717500 386.1118 
718000 380.6918 
718500 383.2296 
719000 382.4184 
719500 383.5900 
720000 386.2354 
720500 383.9037 
721000 387.0454 
721500 386.4986 
722000 383.7705 
722500 386.5409 
723000 379.4162 
723500 381.5637 
724000 382.1690 
724500 382.0570 
725000 379.0450 
725500 380.9952 
726000 382.3404 
726500 381.3147 
727000 380.2600 
727500 381.9942 
728000 383.9448 
728500 379.2868 
729000 384.5411 
729500 382.3017 
730000 381.2758 
730500 382.5046 
731000 381.1911 
731500 384.4026 
732000 384.2961 
732500 382.9657 
733000 380.4847 
733500 383.1704 
734000 381.8471 
734500 378.8271 
735000 379.7495 
735500 377.9697 
736000 383.2864 
736500 382.1841 
737000 387.3280 
737500 382.7225 
738000 388.2094 
738500 376.2864 
739000 378.4895 
739500 378.9512 
740000 380.6620 
740500 385.7534 
741000 380.6604 
741500 383.9730 
742000 381.2966 
742500 385.4095 
743000 384.3718 
743500 379.4736 
744000 382.5289 
744500 382.5608 
745000 380.0588 
745500 385.9330 
746000 385.2168 
746500 383.3010 
747000 384.6396 
747500 380.3706 
748000 381.8698 
748500 381.7466 
749000 383.0912 
749500 380.3387 
750000 381.6049 
750500 388.3356 
751000 382.3491 
751500 385.4069 
752000 384.0441 
752500 384.8652 
753000 384.2524 
753500 383.6946 
754000 382.8291 
754500 381.9209 
755000 383.3333 
755500 384.2683 
756000 382.4309 
756500 384.1412 
757000 385.6541 
757500 376.2770 
758000 380.5771 
758500 385.2518 
759000 384.6766 
759500 384.6969 
760000 377.9374 
760500 380.1520 
761000 387.0598 
761500 381.4072 
762000 379.6870 
762500 383.5717 
763000 383.0081 
763500 379.8726 
764000 381.0995 
764500 387.3570 
765000 384.1366 
765500 387.8771 
766000 383.4186 
766500 384.7835 
767000 382.2138 
767500 383.5509 
768000 379.9662 
768500 383.3584 
769000 381.4014 
769500 382.5014 
770000 383.8935 
770500 381.5932 
771000 383.5543 
771500 382.3081 
772000 380.6844 
772500 387.5457 
773000 387.2050 
773500 385.1866 
774000 389.5773 
774500 385.1245 
775000 384.5507 
775500 387.2982 
776000 381.8279 
776500 382.8129 
777000 382.1837 
777500 383.3229 
778000 383.6295 
778500 383.8338 
779000 386.9389 
779500 380.5619 
780000 386.6478 
780500 387.9632 
781000 381.7119 
781500 379.2999 
782000 386.3687 
782500 384.4965 
783000 381.7477 
783500 384.4249 
784000 382.7439 
784500 380.7565 
785000 387.5445 
785500 385.6884 
786000 379.8361 
786500 384.2943 
787000 386.8424 
787500 380.2537 
788000 381.4847 
788500 382.2563 
789000 381.7215 
789500 386.5328 
790000 384.8524 
790500 381.5650 
791000 380.4120 
791500 380.9268 
792000 384.7608 
792500 383.2876 
793000 385.9072 
793500 382.0013 
794000 376.5260 
794500 383.6538 
795000 379.2769 
795500 384.5182 
796000 381.4401 
796500 383.3896 
797000 380.6966 
797500 383.3621 
798000 385.8398 
798500 379.2677 
799000 379.6553 
799500 381.6334 
800000 380.1208 
800500 379.4531 
801000 380.8653 
801500 376.8352 
802000 384.7418 
802500 381.8535 
803000 385.2943 
803500 384.6861 
804000 379.5964 
804500 387.4175 
805000 385.5794 
805500 387.2729 
806000 386.2717 
806500 385.5466 
807000 385.5077 
807500 386.3879 
808000 382.0496 
808500 378.2203 
809000 385.8045 
809500 380.6457 
810000 382.5221 
810500 382.6730 
811000 385.3046 
811500 383.6600 
812000 387.9674 
812500 382.9119 
813000 384.4109 
813500 388.3598 
814000 387.2331 
814500 381.4469 
815000 375.3924 
815500 378.5478 
816000 380.1342 
816500 386.9921 
817000 385.0506 
817500 382.2706 
818000 386.0254 
818500 383.0929 
819000 377.6931 
819500 380.3015 
820000 377.6456 
820500 382.3661 
821000 382.1927 
821500 383.9539 
822000 377.6157 
822500 381.5670 
823000 380.7243 
823500 380.8007 
824000 381.2064 
824500 373.1714 
825000 382.2897 
825500 379.1024 
826000 379.0454 
826500 385.4807 
827000 381.2194 
827500 373.9503 
828000 381.6377 
828500 380.6478 
829000 379.0042 
829500 382.0538 
830000 381.5841 
830500 382.8481 
831000 381.3910 
831500 383.6726 
832000 386.4085 
832500 384.0600 
833000 382.2792 
833500 385.6851 
834000 385.5449 
834500 384.5299 
835000 378.5075 
835500 380.4765 
836000 385.1187 
836500 375.8919 
837000 378.6759 
837500 381.9111 
838000 383.5741 
838500 379.5410 
839000 385.2604 
839500 379.5848 
840000 380.5830 
840500 381.6111 
841000 384.1815 
841500 379.6411 
842000 380.2775 
842500 382.3060 
843000 377.5655 
843500 377.2867 
844000 380.3099 
844500 379.6902 
845000 375.3707 
845500 377.2668 
846000 385.8601 
846500 385.2082 
847000 379.1932 
847500 382.2003 
848000 384.4589 
848500 382.3236 
849000 379.1071 
849500 385.3773 
850000 382.2939 
850500 384.9549 
851000 386.1687 
851500 379.4237 
852000 382.4449 
852500 382.7013 
853000 383.9842 
853500 384.0648 
854000 385.2924 
854500 380.5130 
855000 384.5742 
855500 379.3534 
856000 377.2268 
856500 385.3106 
857000 380.8176 
857500 379.3380 
858000 377.9316 
858500 381.1073 
859000 380.4984 
859500 379.8844 
860000 380.5208 
860500 382.3039 
861000 387.5743 
861500 379.3964 
862000 379.7524 
862500 379.3438 
863000 377.5847 
863500 383.1301 
864000 379.7433 
864500 386.5961 
865000 380.3074 
865500 385.8633 
866000 385.0561 
866500 386.0248 
867000 381.0574 
867500 383.1030 
868000 385.8630 
868500 383.1877 
869000 380.5347 
869500 380.1113 
870000 384.1455 
870500 381.9345 
871000 385.5467 
871500 381.4200 
872000 384.6223 
872500 381.9194 
873000 386.0390 
873500 383.4481 
874000 380.2903 
874500 377.8968 
875000 378.1591 
875500 382.7010 
876000 384.8031 
876500 385.4501 
877000 381.9506 
877500 382.9478 
878000 384.1248 
878500 384.1053 
879000 380.4546 
879500 379.4697 
880000 380.9412 
880500 380.4084 
881000 381.0774 
881500 379.4697 
882000 380.5845 
882500 383.8395 
883000 384.1713 
883500 378.7706 
884000 382.8292 
884500 388.1753 
885000 384.6307 
885500 386.7378 
886000 381.6457 
886500 376.4521 
887000 380.2349 
887500 380.4745 
888000 379.9745 
888500 379.9989 
889000 379.8086 
889500 383.0255 
890000 380.9814 
890500 382.6303 
891000 380.6823 
891500 378.6871 
892000 384.1811 
892500 380.5074 
893000 381.3650 
893500 378.8584 
894000 378.0297 
894500 374.7770 
895000 378.8380 
895500 378.4185 
896000 385.6464 
896500 386.7246 
897000 386.6590 
897500 387.1851 
898000 386.3846 
898500 384.7001 
899000 384.5828 
899500 377.2165 
900000 384.3438 
900500 384.8819 
901000 386.5904 
901500 388.5187 
902000 387.2363 
902500 382.1989 
903000 385.7440 
903500 380.4981 
904000 377.9282 
904500 379.1081 
905000 380.5533 
905500 378.1479 
906000 376.3270 
906500 379.6354 
907000 382.2810 
907500 379.5074 
908000 376.7378 
908500 380.0732 
909000 384.8323 
909500 380.3569 
910000 379.2032 
910500 381.2049 
911000 384.6376 
911500 385.0506 
912000 382.2606 
912500 380.7897 
913000 377.3111 
913500 381.3427 
914000 380.1814 
914500 380.5399 
915000 381.8733 
915500 382.4314 
916000 381.4014 
916500 384.7051 
917000 381.0600 
917500 383.5964 
918000 383.9172 
918500 381.4378 
919000 381.5554 
919500 382.8599 
920000 383.3875 
920500 382.5311 
921000 382.9525 
921500 380.8061 
922000 381.3948 
922500 379.8689 
923000 380.2533 
923500 382.3426 
924000 382.2055 
924500 383.6260 
925000 376.5808 
925500 378.6596 
926000 380.7674 
926500 386.1040 
927000 386.4607 
927500 386.1738 
928000 380.7112 
928500 384.3268 
929000 377.4820 
929500 378.8182 
930000 378.4762 
930500 379.8615 
931000 380.3920 
931500 377.3988 
932000 380.7584 
932500 377.7077 
933000 381.6766 
933500 378.0402 
934000 381.2572 
934500 379.1873 
935000 384.8013 
935500 386.1451 
936000 384.6453 
936500 383.8851 
937000 381.1756 
937500 382.8972 
938000 377.2943 
938500 380.2306 
939000 384.2045 
939500 380.9885 
940000 381.1752 
940500 380.1735 
941000 386.2079 
941500 388.3755 
942000 384.0724 
942500 382.5365 
943000 380.0684 
943500 386.7434 
944000 383.3785 
944500 384.0133 
945000 378.1473 
945500 384.6197 
946000 383.3085 
946500 383.5625 
947000 381.7911 
947500 381.7669 
948000 378.8708 
948500 387.3713 
949000 381.9430 
949500 386.7961 
950000 381.8837 
950500 383.1463 
951000 383.2940 
951500 382.4313 
952000 387.2882 
952500 386.5980 
953000 384.6244 
953500 382.8475 
954000 385.1622 
954500 389.5436 
955000 386.3472 
955500 387.6046 
956000 383.5916 
956500 381.7880 
957000 381.8366 
957500 385.9943 
958000 385.8152 
958500 383.1782 
959000 382.9501 
959500 381.5904 
960000 384.1205 
960500 381.0456 
961000 381.5062 
961500 382.8128 
962000 383.5553 
962500 381.9774 
963000 379.8586 
963500 380.5261 
964000 376.7984 
964500 375.8624 
965000 376.8106 
965500 381.9873 
966000 380.2785 
966500 378.0427 
967000 377.9455 
967500 374.8902 
968000 377.4570 
968500 377.9109 
969000 378.2121 
969500 383.3840 
970000 379.0317 
970500 380.9282 
971000 380.6010 
971500 378.9667 
972000 380.8625 
972500 377.9770 
973000 380.0707 
973500 379.5962 
974000 384.7826 
974500 383.7311 
975000 386.8611 
975500 378.5653 
976000 383.3608 
976500 384.9440 
977000 386.2972 
977500 384.4193 
978000 386.9840 
978500 384.2298 
979000 383.6540 
979500 384.6613 
980000 381.0002 
980500 382.2828 
981000 377.4421 
981500 381.0397 
982000 381.3447 
982500 380.5302 
983000 379.6389 
983500 381.3380 
984000 381.6642 
984500 383.9871 
985000 382.2283 
985500 379.8296 
986000 381.0293 
986500 380.0076 
987000 378.8537 
987500 380.7155 
988000 379.5842 
988500 382.6090 
989000 385.8001 
989500 381.2425 
990000 382.6068 
990500 380.1462 
991000 384.0313 
991500 382.4190 
992000 383.0982 
992500 379.2450 
993000 385.2187 
993500 385.1575 
994000 385.2982 
994500 379.5739 
995000 383.4768 
995500 378.6097 
996000 383.7970 
996500 387.1387 
997000 380.0617 
997500 386.0815 
998000 384.9667 
998500 385.3420 
999000 380.7746 
999500 384.7648 
1000000 381.4862 
1000500 380.8548 
1001000 378.4876 
1001500 380.9692 
1002000 383.1357 
1002500 382.6872 
1003000 385.5532 
1003500 384.3040 
1004000 385.3712 
1004500 383.1556 
1005000 385.5375 
1005500 377.2033 
1006000 379.6198 
1006500 377.6910 
1007000 381.3473 
1007500 378.3714 
1008000 377.7980 
1008500 377.5812 
1009000 376.3694 
1009500 382.8296 
1010000 378.6745 
1010500 378.9269 
1011000 379.8766 
1011500 379.2187 
1012000 377.0783 
1012500 390.0923 
1013000 386.9346 
1013500 384.4093 
1014000 380.6066 
1014500 382.5248 
1015000 378.7130 
1015500 381.6079 
1016000 380.8677 
1016500 385.5177 
1017000 384.3952 
1017500 383.2905 
1018000 385.4802 
1018500 381.2961 
1019000 382.6463 
1019500 387.6405 
1020000 386.0298 
1020500 385.6664 
1021000 389.0856 
1021500 387.5007 
1022000 385.1097 
1022500 383.6799 
1023000 381.8285 
1023500 386.9026 
1024000 382.5601 
1024500 380.9911 
1025000 380.7524 
1025500 382.5434 
1026000 382.3214 
1026500 382.4762 
1027000 381.0263 
1027500 386.1593 
1028000 378.5082 
1028500 382.6306 
1029000 381.5327 
1029500 378.3555 
1030000 383.8680 
1030500 383.2652 
1031000 383.6325 
1031500 381.7831 
1032000 383.7492 
1032500 382.5743 
1033000 379.8984 
1033500 382.9580 
1034000 384.2712 
1034500 381.5940 
1035000 384.6310 
1035500 384.4179 
1036000 379.2858 
1036500 384.6183 
1037000 378.1309 
1037500 382.4770 
1038000 382.0445 
1038500 380.4769 
1039000 382.9371 
1039500 386.6928 
1040000 383.0852 
1040500 381.5438 
1041000 381.6939 
1041500 377.7386 
1042000 381.6255 
1042500 378.5740 
1043000 378.4784 
1043500 378.8494 
1044000 377.4800 
1044500 381.4439 
1045000 381.8705 
1045500 384.3301 
1046000 385.6688 
1046500 378.3778 
1047000 377.6478 
1047500 376.6094 
1048000 380.8914 
1048500 378.8913 
1049000 385.5682 
1049500 379.7164 
1050000 388.1778 
1050500 377.9943 
1051000 382.0407 
1051500 375.0294 
1052000 376.8957 
1052500 379.7941 
1053000 380.3657 
1053500 380.4364 
1054000 379.9796 
1054500 387.9650 
1055000 382.1334 
1055500 387.4810 
1056000 381.0030 
1056500 383.6177 
1057000 380.5345 
1057500 379.1229 
1058000 385.0016 
1058500 385.1641 
1059000 387.0456 
1059500 384.3595 
1060000 384.8219 
1060500 379.8915 
1061000 382.2639 
1061500 380.2582 
1062000 384.4442 
1062500 380.5442 
1063000 376.1591 
1063500 381.7434 
1064000 379.0114 
1064500 381.5695 
1065000 382.7964 
1065500 381.8501 
1066000 385.7145 
1066500 380.9078 
1067000 378.3977 
1067500 375.4521 
1068000 384.9717 
1068500 381.9095 
1069000 381.4155 
1069500 383.5440 
1070000 383.0681 
1070500 385.1070 
1071000 384.6321 
1071500 382.1068 
1072000 379.7696 
1072500 386.5977 
1073000 386.1816 
1073500 382.9591 
1074000 380.8407 
1074500 386.7782 
1075000 384.5970 
1075500 385.3129 
1076000 382.5949 
1076500 384.1789 
1077000 377.6540 
1077500 379.3578 
1078000 384.4280 
1078500 379.8039 
1079000 385.0984 
1079500 383.5677 
1080000 380.6809 
1080500 379.4774 
1081000 380.5426 
1081500 381.3453 
1082000 383.3704 
1082500 382.0863 
1083000 382.0985 
1083500 380.9648 
1084000 383.6648 
1084500 387.1299 
1085000 384.7858 
1085500 384.2576 
1086000 382.2702 
1086500 379.4554 
1087000 373.9335 
1087500 382.2489 
1088000 384.2364 
1088500 380.7285 
1089000 387.0888 
1089500 382.2116 
1090000 380.7964 
1090500 382.1285 
1091000 381.4993 
1091500 389.6715 
1092000 382.8360 
1092500 379.6476 
1093000 376.9143 
1093500 382.5515 
1094000 378.9801 
1094500 379.0054 
1095000 380.1864 
1095500 377.3163 
1096000 379.0243 
1096500 381.3150 
1097000 382.9999 
1097500 381.5594 
1098000 382.0598 
1098500 384.7987 
1099000 391.2417 
1099500 382.2715 
1100000 380.9384 
1100500 382.5090 
1101000 383.1587 
1101500 377.5492 
1102000 381.1465 
1102500 384.3968 
1103000 381.9165 
1103500 379.1142 
1104000 380.1059 
1104500 384.9676 
1105000 378.2049 
1105500 378.9899 
1106000 378.7986 
1106500 384.5443 
1107000 383.4965 
1107500 382.1465 
1108000 381.0074 
1108500 384.7191 
1109000 383.6489 
1109500 379.0571 
1110000 380.9245 
1110500 385.0811 
1111000 381.1069 
1111500 381.9124 
1112000 382.9401 
1112500 380.9129 
1113000 379.3900 
1113500 380.4453 
1114000 387.3960 
1114500 384.2161 
1115000 384.0976 
1115500 377.4166 
1116000 382.5927 
1116500 379.8948 
1117000 378.3504 
1117500 379.1703 
1118000 384.6092 
1118500 377.4754 
1119000 381.7831 
1119500 385.7508 
1120000 385.8606 
1120500 377.5971 
1121000 377.3067 
1121500 386.1732 
1122000 377.7146 
1122500 380.9708 
1123000 383.6811 
1123500 379.7582 
1124000 385.8302 
1124500 384.8314 
1125000 387.0297 
1125500 387.1530 
1126000 383.0448 
1126500 385.8166 
1127000 386.1370 
1127500 384.1407 
1128000 381.7800 
1128500 384.6713 
1129000 383.0798 
1129500 383.3510 
1130000 378.8908 
1130500 382.8501 
1131000 382.1231 
1131500 381.4319 
1132000 383.0410 
1132500 379.6065 
1133000 380.4233 
1133500 381.0620 
1134000 381.8817 
1134500 384.1348 
1135000 382.6936 
1135500 380.9194 
1136000 387.2546 
1136500 383.4277 
1137000 384.0021 
1137500 384.6771 
1138000 383.4478 
1138500 379.7286 
1139000 381.3679 
1139500 382.8287 
1140000 375.4320 
1140500 386.9640 
1141000 380.8224 
1141500 387.3899 
1142000 382.9726 
1142500 381.7493 
1143000 386.4827 
1143500 384.3212 
1144000 382.6883 
1144500 384.0244 
1145000 381.9981 
1145500 378.8328 
1146000 380.6005 
1146500 378.7840 
1147000 383.4479 
1147500 382.8037 
1148000 388.5597 
1148500 385.2427 
1149000 381.0879 
1149500 382.7122 
1150000 382.1065 
1150500 381.0624 
1151000 379.2558 
1151500 380.8980 
1152000 375.5788 
1152500 378.5631 
1153000 384.7262 
1153500 385.3767 
1154000 388.1835 
1154500 380.3018 
1155000 386.3804 
1155500 385.9435 
1156000 382.8848 
1156500 377.5449 
1157000 386.6945 
1157500 384.3708 
1158000 381.8019 
1158500 383.9484 
1159000 385.7098 
1159500 385.0490 
1160000 382.3678 
1160500 378.7711 
1161000 381.7324 
1161500 382.9046 
1162000 382.7628 
1162500 386.1418 
1163000 380.1450 
1163500 383.3736 
1164000 380.8156 
1164500 382.6772 
1165000 382.0030 
1165500 382.5293 
1166000 385.0177 
1166500 385.2688 
1167000 379.2872 
1167500 381.9039 
1168000 382.0982 
1168500 379.3142 
1169000 379.8582 
1169500 381.6673 
1170000 381.4219 
1170500 381.8851 
1171000 379.1656 
1171500 380.2078 
1172000 382.1832 
1172500 384.1195 
1173000 385.2590 
1173500 381.0886 
1174000 387.8926 
1174500 381.1188 
1175000 385.9385 
1175500 380.3824 
1176000 380.3379 
1176500 379.5636 
1177000 382.0824 
1177500 379.4152 
1178000 378.8937 
1178500 382.0530 
1179000 381.5801 
1179500 381.6896 
1180000 382.9686 
1180500 381.8668 
1181000 383.9693 
1181500 384.0005 
1182000 383.4911 
1182500 381.5572 
1183000 381.8813 
1183500 385.9559 
1184000 385.9874 
1184500 380.9928 
1185000 384.6758 
1185500 380.5988 
1186000 388.6906 
1186500 387.4677 
1187000 381.8148 
1187500 383.1189 
1188000 376.8805 
1188500 384.1365 
1189000 384.1679 
1189500 381.7537 
1190000 382.1768 
1190500 382.2961 
1191000 381.3698 
1191500 381.7228 
1192000 390.0359 
1192500 383.0116 
1193000 383.7280 
1193500 385.0518 
1194000 380.5516 
1194500 381.9896 
1195000 381.2345 
1195500 383.1069 
1196000 380.0424 
1196500 383.1725 
1197000 379.4645 
1197500 385.3435 
1198000 388.5717 
1198500 380.9397 
1199000 380.1765 
1199500 380.9786 
1200000 378.1828 
1200500 382.8521 
1201000 377.7052 
1201500 380.3292 
1202000 387.5212 
1202500 385.8707 
1203000 379.8978 
1203500 379.9894 
1204000 380.4082 
1204500 383.2117 
1205000 382.4553 
1205500 382.5504 
1206000 385.4618 
1206500 384.3570 
1207000 381.5046 
1207500 382.1882 
1208000 384.8310 
1208500 379.6332 
1209000 381.8395 
1209500 381.7655 
1210000 383.5403 
1210500 381.6438 
1211000 379.2704 
1211500 386.2794 
1212000 383.3543 
1212500 385.1078 
1213000 385.1307 
1213500 385.8430 
1214000 381.7201 
1214500 387.2404 
1215000 381.3928 
1215500 386.8141 
1216000 382.7825 
1216500 379.0809 
1217000 376.8031 
1217500 379.6926 
1218000 378.2685 
1218500 383.3723 
1219000 382.8981 
1219500 385.9225 
1220000 383.3340 
1220500 379.3459 
1221000 384.1124 
1221500 379.8144 
1222000 386.9020 
1222500 387.3658 
1223000 382.5896 
1223500 385.5362 
1224000 382.0541 
1224500 383.2937 
1225000 379.0485 
1225500 375.7820 
1226000 382.2854 
1226500 380.7190 
1227000 383.5194 
1227500 386.9800 
1228000 382.2147 
1228500 379.8889 
1229000 382.8718 
1229500 382.5146 
1230000 386.0041 
1230500 379.0099 
1231000 383.0371 
1231500 387.3116 
1232000 388.5190 
1232500 384.6294 
1233000 383.7141 
1233500 384.0497 
1234000 383.2623 
1234500 384.3962 
1235000 379.3483 
1235500 383.0897 
1236000 380.4675 
1236500 384.7325 
1237000 382.7000 
1237500 377.1577 
1238000 377.1821 
1238500 379.6809 
1239000 380.4274 
1239500 380.4846 
1240000 382.9365 
1240500 378.2191 
1241000 379.8212 
1241500 380.7934 
1242000 380.6357 
1242500 382.9662 
1243000 378.2349 
1243500 382.0443 
1244000 382.8902 
1244500 385.3320 
1245000 380.1957 
1245500 381.4179 
1246000 382.2437 
1246500 381.5786 
1247000 383.6329 
1247500 382.5563 
1248000 387.0137 
1248500 385.6210 
1249000 378.5063 
1249500 382.5974 
1250000 382.3635 
1250500 379.8388 
1251000 382.1472 
1251500 380.8556 
1252000 385.6296 
1252500 383.5827 
1253000 379.6267 
1253500 380.6988 
1254000 382.3414 
1254500 384.0399 
1255000 379.5433 
1255500 381.2958 
1256000 379.6715 
1256500 383.9002 
1257000 385.5585 
1257500 386.9081 
1258000 377.4094 
1258500 382.0362 
1259000 381.0686 
1259500 385.4280 
1260000 376.6899 
1260500 376.5910 
1261000 387.3882 
1261500 379.5769 
1262000 384.8160 
1262500 378.3531 
1263000 385.3282 
1263500 381.1065 
1264000 383.1426 
1264500 379.5301 
1265000 375.8461 
1265500 381.9515 
1266000 383.8644 
1266500 380.3182 
1267000 382.7133 
1267500 383.0940 
1268000 380.9226 
1268500 379.3423 
1269000 384.7178 
1269500 382.6746 
1270000 383.8465 
1270500 381.9742 
1271000 380.2704 
1271500 377.7710 
1272000 379.7615 
1272500 383.6134 
1273000 379.9783 
1273500 384.2170 
1274000 380.9316 
1274500 385.1482 
1275000 384.4814 
1275500 385.5434 
1276000 383.6778 
1276500 382.0411 
1277000 386.4228 
1277500 384.1672 
1278000 386.6531 
1278500 379.0813 
1279000 383.1163 
1279500 383.6709 
1280000 382.2687 
1280500 378.6035 
1281000 384.4515 
1281500 381.9599 
1282000 385.1658 
1282500 387.4779 
1283000 386.6873 
1283500 389.5307 
1284000 385.1392 
1284500 385.8542 
1285000 384.2762 
1285500 382.1382 
1286000 385.6585 
1286500 382.1221 
1287000 383.9780 
1287500 382.9286 
1288000 385.0142 
1288500 385.8715 
1289000 380.1570 
1289500 379.2039 
1290000 381.1958 
1290500 382.0278 
1291000 386.6767 
1291500 380.1998 
1292000 383.6340 
1292500 383.7964 
1293000 385.2417 
1293500 379.8369 
1294000 379.6523 
1294500 383.2806 
1295000 384.5413 
1295500 387.0184 
1296000 381.6422 
1296500 383.2047 
1297000 379.0106 
1297500 388.0232 
1298000 386.1693 
1298500 385.7997 
1299000 387.2180 
1299500 383.7093 
1300000 380.6335 
1300500 387.1488 
1301000 383.1482 
1301500 383.7351 
1302000 382.1321 
1302500 381.9788 
1303000 383.9210 
1303500 386.6921 
1304000 384.6796 
1304500 381.6047 
1305000 378.8206 
1305500 379.5341 
1306000 387.2507 
1306500 380.0586 
1307000 384.3937 
1307500 385.8706 
1308000 380.7357 
1308500 377.8519 
1309000 380.2937 
1309500 376.2866 
1310000 377.9105 
1310500 378.1999 
1311000 380.2842 
1311500 385.2026 
1312000 384.9957 
1312500 383.8408 
1313000 384.3453 
1313500 384.2606 
1314000 383.2919 
1314500 381.4624 
1315000 386.1324 
1315500 386.2905 
1316000 383.4811 
1316500 379.8331 
1317000 380.9248 
1317500 381.4427 
1318000 387.8278 
1318500 383.4591 
1319000 383.5142 
1319500 381.5241 
1320000 380.1694 
1320500 385.5054 
1321000 385.4855 
1321500 384.7342 
1322000 380.7592 
1322500 379.3538 
1323000 383.2998 
1323500 384.6916 
1324000 386.6246 
1324500 384.0359 
1325000 382.3006 
1325500 385.7628 
1326000 384.3547 
1326500 380.5099 
1327000 378.8762 
1327500 382.0074 
1328000 384.4372 
1328500 379.8322 
1329000 390.8421 
1329500 383.8442 
1330000 382.3885 
1330500 379.9954 
1331000 383.0137 
1331500 382.9731 
1332000 384.3775 
1332500 381.0874 
1333000 377.7900 
1333500 381.7712 
1334000 382.8739 
1334500 379.3143 
1335000 375.7757 
1335500 377.4917 
1336000 379.3292 
1336500 381.8633 
1337000 377.7113 
1337500 378.0999 
1338000 381.5623 
1338500 380.1670 
1339000 380.8714 
1339500 383.2507 
1340000 383.3031 
1340500 378.6268 
1341000 380.8229 
1341500 390.7107 
1342000 382.2999 
1342500 381.4050 
1343000 378.6507 
1343500 378.0791 
1344000 382.3456 
1344500 384.0584 
1345000 384.3911 
1345500 380.9790 
1346000 379.4243 
1346500 381.2410 
1347000 377.9769 
1347500 381.9584 
1348000 379.1886 
1348500 384.6044 
1349000 386.3708 
1349500 382.1591 
1350000 380.2770 
1350500 383.5301 
1351000 382.3025 
1351500 382.6181 
1352000 383.5182 
1352500 380.9558 
1353000 381.5167 
1353500 391.5928 
1354000 381.8744 
1354500 382.1166 
1355000 375.8059 
1355500 384.9320 
1356000 383.8926 
1356500 380.2987 
1357000 383.7849 
1357500 380.8192 
1358000 380.2563 
1358500 383.8230 
1359000 378.1193 
1359500 381.3630 
1360000 383.5159 
1360500 380.9377 
1361000 385.5241 
1361500 377.8190 
1362000 378.4073 
1362500 381.9051 
1363000 380.8403 
1363500 384.8015 
1364000 379.3802 
1364500 381.0878 
1365000 380.4945 
1365500 387.3213 
1366000 385.0553 
1366500 383.3623 
1367000 384.0882 
1367500 386.2554 
1368000 379.9277 
1368500 380.7643 
1369000 382.6113 
1369500 386.0187 
1370000 385.5991 
1370500 386.4113 
1371000 384.4225 
1371500 388.4900 
1372000 384.7632 
1372500 384.9769 
1373000 383.7763 
1373500 383.3143 
1374000 385.0334 
1374500 385.2459 
1375000 378.4543 
1375500 381.2183 
1376000 377.4373 
1376500 381.4483 
1377000 378.8518 
1377500 381.3736 
1378000 379.5168 
1378500 378.7126 
1379000 374.5442 
1379500 383.9844 
1380000 380.8456 
1380500 376.8125 
1381000 380.5747 
1381500 379.8257 
1382000 379.9852 
1382500 380.0204 
1383000 378.6392 
1383500 382.5825 
1384000 379.3506 
1384500 385.2907 
1385000 382.6152 
1385500 383.1811 
1386000 377.5474 
1386500 380.0277 
1387000 380.9780 
1387500 380.6567 
1388000 383.2268 
1388500 380.5354 
1389000 380.8982 
1389500 383.3417 
1390000 384.0954 
1390500 380.9963 
1391000 380.9241 
1391500 378.8492 
1392000 377.3554 
1392500 381.7999 
1393000 380.2542 
1393500 383.8674 
1394000 382.1510 
1394500 383.8863 
1395000 384.1838 
1395500 381.3349 
1396000 380.7759 
1396500 382.2611 
1397000 381.2598 
1397500 389.9570 
1398000 382.2426 
1398500 388.4786 
1399000 382.2541 
1399500 381.6393 
1400000 379.5395 
1400500 383.3629 
1401000 381.4149 
1401500 379.4434 
1402000 381.3096 
1402500 380.3771 
1403000 382.0613 
1403500 381.9954 
1404000 380.6860 
1404500 382.0208 
1405000 381.8853 
1405500 379.6360 
1406000 380.4202 
1406500 377.5102 
1407000 376.9177 
1407500 379.6183 
1408000 378.8225 
1408500 380.7051 
1409000 383.8280 
1409500 383.3003 
1410000 381.1745 
1410500 382.8554 
1411000 383.5511 
1411500 383.0332 
1412000 381.9077 
1412500 377.3045 
1413000 377.7235 
1413500 382.5192 
1414000 379.2400 
1414500 387.9362 
1415000 380.3666 
1415500 383.0127 
1416000 374.1251 
1416500 377.9376 
1417000 381.8203 
1417500 375.9219 
1418000 378.3081 
1418500 374.9877 
1419000 386.3546 
1419500 382.1927 
1420000 383.6500 
1420500 379.0198 
1421000 388.8746 
1421500 383.3297 
1422000 383.6364 
1422500 385.3465 
1423000 385.5496 
1423500 383.1007 
1424000 384.5246 
1424500 378.2224 
1425000 382.8719 
1425500 380.2268 
1426000 383.4809 
1426500 378.8516 
1427000 382.2383 
1427500 383.3626 
1428000 384.2451 
1428500 383.0337 
1429000 382.9105 
1429500 381.1136 
1430000 384.0563 
1430500 383.8990 
1431000 384.3046 
1431500 380.6243 
1432000 383.1316 
1432500 374.7762 
1433000 378.5146 
1433500 381.6114 
1434000 378.1635 
1434500 380.8335 
1435000 385.1064 
1435500 385.6781 
1436000 382.4770 
1436500 384.9475 
1437000 384.6817 
1437500 387.3990 
1438000 382.3131 
1438500 380.1393 
1439000 380.0845 
1439500 380.3620 
1440000 375.9728 
1440500 379.5348 
1441000 377.6890 
1441500 375.4230 
1442000 381.8641 
1442500 383.8431 
1443000 381.2137 
1443500 378.1503 
1444000 380.1662 
1444500 383.0916 
1445000 381.4134 
1445500 382.9614 
1446000 379.6654 
1446500 384.7376 
1447000 381.9658 
1447500 383.4303 
1448000 381.1874 
1448500 380.4605 
1449000 383.2023 
1449500 380.8721 
1450000 382.6254 
1450500 379.9873 
1451000 377.3493 
1451500 380.6011 
1452000 383.7107 
1452500 377.0376 
1453000 378.0020 
1453500 380.2320 
1454000 382.3050 
1454500 384.4947 
1455000 379.5940 
1455500 379.2317 
1456000 382.0643 
1456500 378.1911 
1457000 380.8306 
1457500 386.0620 
1458000 383.2853 
1458500 388.2574 
1459000 384.1981 
1459500 380.9149 
1460000 377.5679 
1460500 381.2558 
1461000 382.0507 
1461500 381.7620 
1462000 377.1427 
1462500 381.2773 
1463000 375.6803 
1463500 383.5546 
1464000 377.2161 
1464500 377.4155 
1465000 378.5078 
1465500 381.7552 
1466000 381.5833 
1466500 382.7383 
1467000 381.8505 
1467500 387.6616 
1468000 382.2104 
1468500 383.4386 
1469000 382.3206 
1469500 385.3748 
1470000 383.6012 
1470500 383.6865 
1471000 383.0644 
1471500 385.3291 
1472000 381.7810 
1472500 385.4085 
1473000 386.1431 
1473500 384.3619 
1474000 385.8909 
1474500 379.4272 
1475000 383.1029 
1475500 386.3441 
1476000 381.4515 
1476500 383.0727 
1477000 385.1211 
1477500 382.4946 
1478000 381.8685 
1478500 381.9866 
1479000 387.3022 
1479500 380.5563 
1480000 385.4809 
1480500 387.2733 
1481000 387.0500 
1481500 380.9812 
1482000 383.5758 
1482500 384.9607 
1483000 384.5675 
1483500 383.5416 
1484000 387.3308 
1484500 382.1024 
1485000 384.7924 
1485500 382.5335 
1486000 383.6930 
1486500 381.4766 
1487000 383.4362 
1487500 382.9379 
1488000 379.9289 
1488500 386.1569 
1489000 382.9783 
1489500 384.0840 
1490000 382.8837 
1490500 385.5512 
1491000 380.1206 
1491500 385.9499 
1492000 382.6843 
1492500 385.9470 
1493000 381.0080 
1493500 382.0063 
1494000 387.0765 
1494500 386.5339 
1495000 381.9976 
1495500 381.6070 
1496000 384.3374 
1496500 381.5362 
1497000 384.8326 
1497500 385.9524 
1498000 384.1565 
1498500 393.2547 
1499000 386.8494 
1499500 379.6445 
1500000 381.7286 
1500500 375.6831 
