0.05 0.0 
0.15000000000000002 0.0 
0.25 0.0 
0.35000000000000003 0.0 
0.45 0.0 
0.55 0.0 
0.65 0.0 
0.75 0.0 
0.8500000000000001 0.0 
0.9500000000000001 0.0 
1.05 0.0 
1.1500000000000001 0.0 
1.25 0.0 
1.35 0.0 
1.4500000000000002 4.8133383313907265e-6 
1.55 0.00015165019907887903 
1.6500000000000001 0.0016003937548345292 
1.75 0.007351782454374968 
1.85 0.014650798906651708 
1.9500000000000002 0.01830448656756789 
2.0500000000000003 0.020250117062138664 
2.15 0.02266854006815948 
2.25 0.026533155223118544 
2.35 0.0328741567267801 
2.45 0.04108337004479241 
2.5500000000000003 0.04958244239588704 
2.6500000000000004 0.05915580930133787 
2.75 0.06958023367842099 
2.85 0.07789270079441019 
2.95 0.0838503234961378 
3.0500000000000003 0.08803194064235381 
3.1500000000000004 0.09328039658472641 
3.25 0.09937611332130296 
3.35 0.10615734632276945 
3.45 0.11254753982014125 
3.5500000000000003 0.11842011492446311 
3.6500000000000004 0.12308135544551695 
3.75 0.12748066503785627 
3.85 0.13193895169685624 
3.95 0.1365605462134244 
4.05 0.1404059941597923 
4.15 0.1451609610846105 
4.25 0.14994567972787248 
4.3500000000000005 0.15443018003255413 
4.45 0.15867193953089287 
4.55 0.16459405251634857 
4.65 0.16885626752999808 
4.75 0.17425855725465192 
4.8500000000000005 0.17863648935759724 
4.95 0.1834125910589509 
5.050000000000001 0.18785249472788995 
