1000 144.6160 
1500 202.0156 
2000 235.6704 
2500 260.8767 
3000 271.1414 
3500 283.0243 
4000 290.5896 
4500 292.4031 
5000 298.5898 
5500 297.8775 
6000 297.5019 
6500 294.0486 
7000 297.4977 
7500 295.4470 
8000 296.9303 
8500 298.6254 
9000 296.6190 
9500 303.4588 
10000 303.1024 
10500 300.7807 
11000 296.1810 
11500 299.7783 
12000 300.1487 
12500 304.1293 
13000 299.9792 
13500 298.9815 
14000 295.4370 
14500 296.3902 
15000 299.7615 
15500 301.3462 
16000 301.0221 
16500 296.9430 
17000 301.5598 
17500 301.4116 
18000 303.4725 
18500 302.3255 
19000 304.5423 
19500 299.0353 
20000 301.6729 
20500 299.7013 
21000 297.5255 
21500 301.9371 
22000 301.6915 
22500 302.4772 
23000 303.1725 
23500 300.7108 
24000 301.4951 
24500 304.9097 
25000 302.3497 
25500 301.9606 
26000 298.7940 
26500 299.7462 
27000 296.7647 
27500 297.1089 
28000 298.0400 
28500 298.1929 
29000 302.5531 
29500 300.1193 
30000 298.4661 
30500 299.3540 
31000 299.8360 
31500 298.8985 
32000 296.2820 
32500 296.5668 
33000 296.8617 
33500 296.5065 
34000 298.7587 
34500 298.3661 
35000 300.3250 
35500 300.2018 
36000 302.4668 
36500 302.5848 
37000 300.8326 
37500 303.7560 
38000 298.6418 
38500 296.9184 
39000 297.4054 
39500 296.3993 
40000 297.2594 
40500 300.1824 
41000 299.5833 
41500 295.5844 
42000 298.2923 
42500 299.4233 
43000 300.5539 
43500 299.6674 
44000 302.5650 
44500 299.5063 
45000 298.5622 
45500 300.6762 
46000 301.1615 
46500 303.2382 
47000 299.1750 
47500 301.7160 
48000 301.6771 
48500 300.7197 
49000 301.1375 
49500 300.1432 
50000 297.0652 
50500 298.4889 
51000 300.0239 
51500 296.8611 
52000 300.3174 
52500 297.7478 
53000 300.3269 
53500 300.6826 
54000 304.6800 
54500 303.2091 
55000 302.4711 
55500 296.9533 
56000 298.4104 
56500 300.0502 
57000 299.0166 
57500 299.2376 
58000 299.7137 
58500 299.9758 
59000 300.2901 
59500 300.6755 
60000 298.5428 
60500 301.0977 
61000 300.7622 
61500 302.3688 
62000 301.5284 
62500 302.1502 
63000 300.2861 
63500 300.9295 
64000 302.5890 
64500 300.7217 
65000 301.2427 
65500 302.8111 
66000 301.1181 
66500 300.1372 
67000 299.3192 
67500 298.9266 
68000 300.1529 
68500 296.6077 
69000 299.7679 
69500 298.7550 
70000 299.7342 
70500 301.2485 
71000 303.4290 
71500 295.1123 
72000 297.8395 
72500 302.0837 
73000 299.4417 
73500 298.4788 
74000 299.3817 
74500 299.2145 
75000 303.3447 
75500 302.1623 
76000 304.2155 
76500 299.0169 
77000 300.7167 
77500 301.4910 
78000 298.1758 
78500 303.2642 
79000 304.3353 
79500 300.5467 
80000 300.0922 
80500 300.6315 
81000 301.3418 
81500 298.7742 
82000 300.2701 
82500 298.6988 
83000 300.3680 
83500 302.2966 
84000 299.8937 
84500 301.1961 
85000 301.7855 
85500 300.8402 
86000 300.3923 
86500 295.6333 
87000 298.5271 
87500 297.4482 
88000 302.4905 
88500 301.5662 
89000 301.9923 
89500 300.0764 
90000 300.4280 
90500 301.0993 
91000 297.2705 
91500 297.9727 
92000 299.5734 
92500 297.8745 
93000 298.8762 
93500 303.1801 
94000 298.5393 
94500 305.9678 
95000 300.5821 
95500 301.5029 
96000 296.0437 
96500 298.0993 
97000 299.3486 
97500 296.3397 
98000 297.1561 
98500 298.1436 
99000 301.5495 
99500 301.8436 
100000 300.5004 
100500 301.3231 
101000 300.9577 
101500 300.1892 
102000 300.3025 
102500 298.0492 
103000 296.6730 
103500 298.1219 
104000 300.1516 
104500 297.0159 
105000 301.3335 
105500 296.7365 
106000 298.9253 
106500 298.4679 
107000 299.5326 
107500 297.8823 
108000 297.1279 
108500 297.5771 
109000 299.8486 
109500 297.1936 
110000 297.4496 
110500 300.6782 
111000 302.8053 
111500 301.3037 
112000 295.3338 
112500 298.0127 
113000 302.6526 
113500 300.2924 
114000 297.9263 
114500 301.2019 
115000 300.8416 
115500 299.9577 
116000 296.7014 
116500 302.6533 
117000 298.2715 
117500 296.0288 
118000 298.8223 
118500 296.1918 
119000 301.6421 
119500 296.3969 
120000 303.2475 
120500 300.1699 
121000 300.3672 
121500 298.7579 
122000 301.7183 
122500 296.4254 
123000 298.9884 
123500 301.9220 
124000 302.3136 
124500 300.4832 
125000 299.8914 
125500 297.9994 
126000 303.4888 
126500 300.9801 
127000 296.9603 
127500 299.4841 
128000 300.4466 
128500 302.1376 
129000 299.0023 
129500 300.6124 
130000 299.4744 
130500 296.1875 
131000 294.6647 
131500 296.1597 
132000 297.0180 
132500 297.7713 
133000 297.8391 
133500 295.5324 
134000 299.3865 
134500 297.2000 
135000 296.6167 
135500 297.3500 
136000 302.0228 
136500 301.7578 
137000 301.6231 
137500 301.2992 
138000 297.8270 
138500 301.9264 
139000 301.4993 
139500 297.7243 
140000 301.7800 
140500 300.4047 
141000 300.7935 
141500 299.3574 
142000 300.5652 
142500 300.2067 
143000 297.1178 
143500 299.5235 
144000 300.8154 
144500 295.5454 
145000 296.6822 
145500 299.7129 
146000 303.6102 
146500 300.9730 
147000 298.6026 
147500 298.5104 
148000 301.5494 
148500 306.0181 
149000 301.5551 
149500 303.6118 
150000 301.3881 
150500 303.6412 
151000 296.0961 
151500 295.4819 
152000 299.3883 
152500 298.5198 
153000 302.3153 
153500 299.5417 
154000 300.0577 
154500 301.3376 
155000 302.2513 
155500 299.8545 
156000 301.3775 
156500 300.3979 
157000 298.9991 
157500 298.4239 
158000 301.7247 
158500 298.1478 
159000 299.7684 
159500 301.1381 
160000 300.5434 
160500 301.6042 
161000 297.2833 
161500 304.2026 
162000 301.4597 
162500 301.2688 
163000 302.5515 
163500 300.3164 
164000 296.8849 
164500 298.6705 
165000 297.4240 
165500 298.1041 
166000 298.0565 
166500 299.0083 
167000 304.5365 
167500 299.0530 
168000 297.9360 
168500 299.4359 
169000 299.2504 
169500 293.9338 
170000 297.1494 
170500 297.4681 
171000 298.4717 
171500 301.0613 
172000 298.0472 
172500 301.7038 
173000 299.2030 
173500 299.2094 
174000 296.2523 
174500 300.1449 
175000 301.0851 
175500 299.9314 
176000 302.7949 
176500 303.0080 
177000 298.9099 
177500 300.8686 
178000 298.4497 
178500 298.7834 
179000 302.9910 
179500 299.2212 
180000 299.9496 
180500 303.5018 
181000 302.4180 
181500 301.8960 
182000 305.4846 
182500 300.6867 
183000 301.5798 
183500 304.0405 
184000 303.7154 
184500 306.1185 
185000 298.7842 
185500 299.1150 
186000 301.3522 
186500 302.7360 
187000 302.4314 
187500 297.6965 
188000 297.5870 
188500 300.7605 
189000 299.9192 
189500 297.1230 
190000 297.8363 
190500 296.5145 
191000 301.8863 
191500 300.0718 
192000 300.1326 
192500 297.8114 
193000 297.9604 
193500 297.9448 
194000 302.3389 
194500 297.6264 
195000 300.2918 
195500 301.6807 
196000 300.0744 
196500 298.3651 
197000 300.4752 
197500 297.2553 
198000 296.3699 
198500 298.0454 
199000 301.2835 
199500 301.4844 
200000 298.9503 
200500 294.6867 
201000 295.9743 
201500 298.8988 
202000 300.3812 
202500 298.0614 
203000 300.3150 
203500 298.8252 
204000 297.1262 
204500 300.6805 
205000 297.3882 
205500 300.9313 
206000 299.4124 
206500 298.2544 
207000 298.2058 
207500 299.7800 
208000 294.6307 
208500 300.6145 
209000 296.6617 
209500 302.2081 
210000 299.9716 
210500 294.8401 
211000 294.8570 
211500 299.1371 
212000 301.0299 
212500 298.0306 
213000 300.7488 
213500 296.9866 
214000 297.4398 
214500 298.8435 
215000 300.4524 
215500 298.7562 
216000 300.0440 
216500 299.0801 
217000 298.2440 
217500 298.9518 
218000 295.6804 
218500 297.9374 
219000 297.6655 
219500 301.0268 
220000 296.9464 
220500 299.3562 
221000 301.3479 
221500 298.3171 
222000 305.7185 
222500 301.3360 
223000 299.5414 
223500 300.4295 
224000 298.9296 
224500 299.6094 
225000 298.9091 
225500 297.4868 
226000 300.9569 
226500 299.3785 
227000 301.3197 
227500 298.3356 
228000 301.7302 
228500 300.0304 
229000 298.8408 
229500 299.6101 
230000 298.0273 
230500 298.0809 
231000 297.6233 
231500 302.7722 
232000 301.7669 
232500 298.9071 
233000 298.4846 
233500 299.5926 
234000 301.4495 
234500 302.7539 
235000 300.2748 
235500 298.2650 
236000 296.3826 
236500 298.5515 
237000 297.9088 
237500 299.4018 
238000 297.4772 
238500 302.7893 
239000 300.9557 
239500 303.7901 
240000 300.4095 
240500 303.1490 
241000 301.5765 
241500 304.6501 
242000 302.1529 
242500 303.1381 
243000 300.2266 
243500 298.4730 
244000 296.7081 
244500 297.2854 
245000 297.5010 
245500 296.6030 
246000 304.1335 
246500 302.4973 
247000 299.1627 
247500 297.6136 
248000 300.1735 
248500 298.3824 
249000 300.2903 
249500 299.3203 
250000 297.1564 
250500 300.7218 
251000 301.0497 
251500 295.8629 
252000 298.2177 
252500 297.3822 
253000 301.2206 
253500 302.0330 
254000 300.1705 
254500 297.6007 
255000 299.4540 
255500 295.6653 
256000 297.6365 
256500 299.4729 
257000 294.3175 
257500 301.0368 
258000 302.2827 
258500 302.7251 
259000 302.8869 
259500 299.9479 
260000 296.0242 
260500 295.6354 
261000 299.4925 
261500 300.0671 
262000 298.8226 
262500 295.0546 
263000 298.2416 
263500 301.3056 
264000 299.5573 
264500 298.8951 
265000 301.1162 
265500 301.3233 
266000 298.2646 
266500 299.4907 
267000 304.3863 
267500 301.0364 
268000 302.9588 
268500 300.0510 
269000 298.4907 
269500 298.6955 
270000 300.6387 
270500 299.2762 
271000 301.2703 
271500 299.4418 
272000 300.3887 
272500 301.0036 
273000 299.8388 
273500 297.0437 
274000 298.9057 
274500 303.0959 
275000 300.3257 
275500 299.8610 
276000 295.2705 
276500 297.8851 
277000 301.1874 
277500 298.3387 
278000 300.7663 
278500 298.2875 
279000 302.3947 
279500 294.6257 
280000 299.8160 
280500 300.9233 
281000 296.9268 
281500 297.7846 
282000 296.1019 
282500 297.9058 
283000 302.6608 
283500 302.1602 
284000 301.5420 
284500 301.7012 
285000 297.9153 
285500 301.4602 
286000 302.6678 
286500 298.1081 
287000 300.1599 
287500 304.6896 
288000 296.8340 
288500 302.4276 
289000 302.8974 
289500 297.1409 
290000 300.1111 
290500 299.0911 
291000 298.9835 
291500 300.3893 
292000 300.0522 
292500 300.4934 
293000 302.3854 
293500 301.9709 
294000 301.4971 
294500 304.3095 
295000 298.2292 
295500 303.5135 
296000 299.3111 
296500 298.3583 
297000 299.3809 
297500 298.1993 
298000 295.7737 
298500 296.0827 
299000 298.5120 
299500 296.8192 
300000 302.0872 
300500 297.7864 
301000 299.7641 
301500 297.8769 
302000 305.3029 
302500 298.5160 
303000 298.4129 
303500 295.4150 
304000 301.6090 
304500 295.1542 
305000 295.7778 
305500 301.4275 
306000 299.1672 
306500 298.3725 
307000 300.6546 
307500 301.1012 
308000 301.9727 
308500 302.0772 
309000 304.0576 
309500 298.9111 
310000 300.1598 
310500 299.7052 
311000 301.3855 
311500 299.5531 
312000 303.2825 
312500 301.9447 
313000 301.3928 
313500 295.6076 
314000 297.4332 
314500 298.6936 
315000 303.6490 
315500 301.0177 
316000 301.7687 
316500 303.9144 
317000 301.2060 
317500 300.8768 
318000 298.9537 
318500 301.6075 
319000 295.9250 
319500 296.9813 
320000 296.4409 
320500 298.8471 
321000 297.2827 
321500 300.0662 
322000 300.7173 
322500 299.6256 
323000 297.6914 
323500 303.2569 
324000 299.3762 
324500 299.7166 
325000 300.3710 
325500 298.4064 
326000 297.4546 
326500 299.2492 
327000 301.4852 
327500 298.9416 
328000 297.0158 
328500 298.0508 
329000 297.9628 
329500 298.7854 
330000 298.2323 
330500 295.2920 
331000 299.2822 
331500 299.5156 
332000 303.5621 
332500 302.3252 
333000 304.2695 
333500 298.4272 
334000 300.6249 
334500 297.7412 
335000 298.8936 
335500 299.9538 
336000 297.2005 
336500 300.6067 
337000 297.0805 
337500 296.9999 
338000 300.6990 
338500 301.5610 
339000 299.0070 
339500 298.7623 
340000 298.9560 
340500 298.1732 
341000 300.1760 
341500 301.8400 
342000 299.0710 
342500 300.0547 
343000 301.0088 
343500 300.5128 
344000 303.2380 
344500 303.6759 
345000 303.3191 
345500 300.7195 
346000 301.6646 
346500 298.9626 
347000 298.8345 
347500 301.6217 
348000 300.6696 
348500 304.5983 
349000 299.8409 
349500 301.1017 
350000 302.1587 
350500 304.6157 
351000 304.9816 
351500 302.8923 
352000 303.4974 
352500 301.4492 
353000 298.8357 
353500 298.4152 
354000 301.7837 
354500 299.7173 
355000 296.3724 
355500 298.4245 
356000 302.1188 
356500 296.0060 
357000 296.6363 
357500 301.7026 
358000 292.7750 
358500 299.1600 
359000 300.1398 
359500 299.0830 
360000 299.5911 
360500 304.0808 
361000 297.6381 
361500 301.7806 
362000 301.5760 
362500 301.8345 
363000 300.1557 
363500 301.2825 
364000 300.6467 
364500 301.9713 
365000 296.8586 
365500 298.3445 
366000 299.8809 
366500 298.7237 
367000 301.4274 
367500 301.7378 
368000 298.6954 
368500 298.0833 
369000 301.2407 
369500 300.5637 
370000 299.8052 
370500 303.4440 
371000 299.7779 
371500 298.9141 
372000 300.9749 
372500 302.8952 
373000 302.4734 
373500 298.4511 
374000 302.0743 
374500 301.0230 
375000 298.6297 
375500 296.0910 
376000 299.2179 
376500 299.4735 
377000 297.1448 
377500 300.9705 
378000 303.7780 
378500 300.7581 
379000 301.2410 
379500 303.5691 
380000 300.4378 
380500 298.1874 
381000 299.2557 
381500 300.3899 
382000 299.6017 
382500 301.4695 
383000 300.0701 
383500 303.6981 
384000 299.1604 
384500 299.8759 
385000 299.2299 
385500 297.5375 
386000 300.1487 
386500 297.3594 
387000 299.0224 
387500 300.3872 
388000 301.5370 
388500 298.8571 
389000 299.9410 
389500 297.8226 
390000 299.7214 
390500 299.9209 
391000 302.2886 
391500 297.5308 
392000 303.2274 
392500 295.2384 
393000 299.9360 
393500 298.9423 
394000 300.3019 
394500 303.3671 
395000 299.2457 
395500 301.3813 
396000 301.7124 
396500 300.3527 
397000 296.5253 
397500 301.2849 
398000 298.3409 
398500 299.5847 
399000 301.2861 
399500 297.1236 
400000 299.2619 
400500 299.7571 
401000 296.6664 
401500 301.3556 
402000 297.5801 
402500 298.5206 
403000 303.8697 
403500 301.4474 
404000 301.6369 
404500 298.7217 
405000 303.7572 
405500 298.5630 
406000 299.2335 
406500 300.9069 
407000 300.1261 
407500 301.4801 
408000 302.0726 
408500 302.2515 
409000 298.7438 
409500 296.4649 
410000 305.4145 
410500 302.2618 
411000 296.7764 
411500 297.3189 
412000 298.5110 
412500 300.4327 
413000 298.1629 
413500 298.1324 
414000 297.6203 
414500 296.8824 
415000 298.7617 
415500 300.2694 
416000 298.6884 
416500 301.3840 
417000 301.6941 
417500 297.0502 
418000 303.4189 
418500 299.4430 
419000 303.2826 
419500 302.7680 
420000 296.8801 
420500 300.2348 
421000 298.6437 
421500 301.0831 
422000 299.6250 
422500 297.7393 
423000 296.2753 
423500 296.5836 
424000 298.9104 
424500 298.9699 
425000 300.4454 
425500 297.5393 
426000 301.5656 
426500 299.0035 
427000 300.1939 
427500 297.9354 
428000 299.5672 
428500 303.8583 
429000 305.0189 
429500 297.6723 
430000 298.0659 
430500 297.5598 
431000 303.7601 
431500 299.0347 
432000 298.1446 
432500 299.0633 
433000 297.7545 
433500 301.5543 
434000 295.5385 
434500 299.3537 
435000 300.0355 
435500 298.3789 
436000 299.7267 
436500 297.7596 
437000 301.9541 
437500 298.2587 
438000 299.1005 
438500 299.2959 
439000 301.7193 
439500 301.2150 
440000 298.7142 
440500 302.0243 
441000 301.1929 
441500 296.4076 
442000 300.9862 
442500 300.4868 
443000 301.1578 
443500 301.0155 
444000 297.5157 
444500 299.9156 
445000 303.4861 
445500 301.3111 
446000 301.1984 
446500 302.9113 
447000 298.9362 
447500 297.6565 
448000 300.9132 
448500 300.5077 
449000 299.7060 
449500 299.5812 
450000 298.5005 
450500 294.6522 
451000 300.1179 
451500 298.1969 
452000 300.2645 
452500 298.6165 
453000 296.1430 
453500 296.7055 
454000 296.3405 
454500 296.9566 
455000 298.9326 
455500 301.6130 
456000 299.8864 
456500 299.8570 
457000 303.1623 
457500 301.0665 
458000 299.1649 
458500 297.6131 
459000 302.8410 
459500 299.9622 
460000 299.5053 
460500 294.4812 
461000 296.2035 
461500 301.1068 
462000 300.4883 
462500 302.0861 
463000 300.9186 
463500 303.3464 
464000 303.6057 
464500 303.3327 
465000 299.7515 
465500 299.0848 
466000 295.5068 
466500 298.6757 
467000 299.1949 
467500 297.3459 
468000 297.2633 
468500 299.8336 
469000 296.7819 
469500 298.0058 
470000 297.6837 
470500 297.2977 
471000 298.3893 
471500 301.1954 
472000 301.1235 
472500 300.9659 
473000 299.9661 
473500 304.7743 
474000 295.2359 
474500 299.8066 
475000 299.9967 
475500 302.4018 
476000 299.4101 
476500 299.7393 
477000 299.0801 
477500 303.3559 
478000 301.6666 
478500 303.1761 
479000 300.9940 
479500 298.4236 
480000 298.2742 
480500 298.0924 
481000 294.6825 
481500 293.0382 
482000 297.8517 
482500 295.1612 
483000 300.7672 
483500 297.9562 
484000 301.6122 
484500 301.6709 
485000 300.6219 
485500 299.8331 
486000 296.0758 
486500 298.0233 
487000 296.8678 
487500 297.0338 
488000 299.6185 
488500 296.5997 
489000 299.8051 
489500 295.9292 
490000 298.4693 
490500 299.9838 
491000 301.7168 
491500 303.1631 
492000 300.9012 
492500 300.0919 
493000 301.0341 
493500 299.1987 
494000 299.0387 
494500 297.6633 
495000 298.1906 
495500 299.7284 
496000 297.9287 
496500 301.1854 
497000 299.2824 
497500 301.8700 
498000 305.6346 
498500 297.7285 
499000 297.5880 
499500 300.4008 
500000 303.4738 
500500 299.4014 
501000 303.3009 
501500 297.6993 
502000 298.8133 
502500 301.9140 
503000 298.1677 
503500 298.2314 
504000 300.9276 
504500 300.2821 
505000 297.0028 
505500 296.2360 
506000 303.0184 
506500 300.7052 
507000 299.0317 
507500 298.1378 
508000 297.5912 
508500 296.9123 
509000 296.1731 
509500 298.8737 
510000 298.3132 
510500 298.3863 
511000 299.8389 
511500 296.0617 
512000 300.9303 
512500 299.5522 
513000 303.3592 
513500 304.0058 
514000 298.1785 
514500 298.3944 
515000 301.1377 
515500 301.0403 
516000 300.9800 
516500 300.5857 
517000 299.7564 
517500 301.6987 
518000 302.2520 
518500 304.2748 
519000 301.9390 
519500 300.3257 
520000 300.8723 
520500 300.3326 
521000 303.3895 
521500 298.6760 
522000 299.3064 
522500 301.6903 
523000 301.7131 
523500 300.4220 
524000 302.1372 
524500 301.4074 
525000 301.8318 
525500 301.1108 
526000 301.6305 
526500 301.5062 
527000 300.0165 
527500 300.9775 
528000 299.3691 
528500 299.9960 
529000 300.1837 
529500 299.9629 
530000 297.0984 
530500 295.5834 
531000 299.4453 
531500 300.9902 
532000 301.2823 
532500 301.1025 
533000 301.1006 
533500 299.8159 
534000 298.3546 
534500 298.2503 
535000 301.1246 
535500 300.0683 
536000 297.4938 
536500 296.8310 
537000 303.2787 
537500 302.5771 
538000 299.2766 
538500 301.8238 
539000 300.0478 
539500 300.0537 
540000 298.5921 
540500 303.1868 
541000 302.0186 
541500 296.2050 
542000 300.6619 
542500 298.9793 
543000 297.0924 
543500 301.0062 
544000 299.8140 
544500 301.0251 
545000 297.5765 
545500 299.8809 
546000 300.5884 
546500 299.7621 
547000 301.4618 
547500 299.7367 
548000 301.8940 
548500 300.6157 
549000 300.6516 
549500 302.4153 
550000 297.4812 
550500 303.0444 
551000 294.4569 
551500 300.9457 
552000 299.6389 
552500 302.5844 
553000 299.0554 
553500 300.3864 
554000 304.6026 
554500 302.2553 
555000 299.7548 
555500 297.4410 
556000 298.5627 
556500 297.5889 
557000 297.3038 
557500 299.9976 
558000 298.7454 
558500 303.8230 
559000 301.8236 
559500 302.3849 
560000 300.7017 
560500 299.2000 
561000 302.3849 
561500 300.0677 
562000 295.8573 
562500 296.4189 
563000 295.3194 
563500 296.6105 
564000 296.1608 
564500 298.3667 
565000 297.9618 
565500 300.2917 
566000 300.8103 
566500 304.2847 
567000 294.2721 
567500 298.3006 
568000 298.4130 
568500 300.2598 
569000 298.6213 
569500 299.4923 
570000 301.2564 
570500 297.4658 
571000 301.0405 
571500 300.9561 
572000 302.4937 
572500 298.6852 
573000 296.6404 
573500 300.3484 
574000 298.0422 
574500 300.3541 
575000 301.9175 
575500 298.5506 
576000 300.1906 
576500 298.8474 
577000 298.9722 
577500 300.0950 
578000 299.8478 
578500 299.3923 
579000 301.3981 
579500 298.3376 
580000 300.7260 
580500 298.2545 
581000 302.6704 
581500 298.8874 
582000 299.5067 
582500 298.0892 
583000 295.9810 
583500 293.1419 
584000 298.4442 
584500 297.4089 
585000 299.1378 
585500 299.7628 
586000 301.4387 
586500 298.8328 
587000 301.5128 
587500 300.7468 
588000 298.8952 
588500 302.1268 
589000 301.8395 
589500 298.1032 
590000 300.4727 
590500 297.5400 
591000 299.0241 
591500 294.3697 
592000 299.9138 
592500 296.7574 
593000 302.2807 
593500 299.5125 
594000 300.2013 
594500 300.1916 
595000 295.3546 
595500 296.6367 
596000 298.6374 
596500 295.6352 
597000 302.6995 
597500 300.9377 
598000 300.2814 
598500 300.3808 
599000 301.4853 
599500 300.0749 
600000 296.4778 
600500 298.3421 
601000 300.3298 
601500 300.0508 
602000 301.8814 
602500 298.7158 
603000 299.9008 
603500 299.9878 
604000 302.9881 
604500 297.2610 
605000 299.6832 
605500 299.0286 
606000 297.4607 
606500 298.4618 
607000 301.5873 
607500 301.6147 
608000 303.3367 
608500 301.7076 
609000 297.1359 
609500 301.0240 
610000 299.1467 
610500 298.1287 
611000 301.0644 
611500 300.8314 
612000 299.5384 
612500 300.0294 
613000 298.6264 
613500 296.8028 
614000 295.2191 
614500 302.8978 
615000 297.4412 
615500 300.7971 
616000 300.6212 
616500 296.9408 
617000 301.2944 
617500 299.8079 
618000 300.3541 
618500 299.5918 
619000 302.1845 
619500 303.5849 
620000 297.8567 
620500 299.6784 
621000 303.7554 
621500 300.2205 
622000 300.2486 
622500 300.4855 
623000 300.5993 
623500 304.8995 
624000 299.5909 
624500 301.7638 
625000 296.9397 
625500 297.3009 
626000 301.6422 
626500 301.1902 
627000 299.6636 
627500 299.5420 
628000 295.7474 
628500 297.7691 
629000 298.8295 
629500 295.8377 
630000 297.6242 
630500 300.2045 
631000 299.6928 
631500 298.8353 
632000 303.0048 
632500 303.4143 
633000 299.8198 
633500 298.3838 
634000 300.0934 
634500 298.7693 
635000 299.1138 
635500 299.5122 
636000 298.8955 
636500 297.4640 
637000 298.8470 
637500 298.4047 
638000 298.3535 
638500 297.3377 
639000 298.8071 
639500 295.4369 
640000 296.7414 
640500 299.3622 
641000 300.7632 
641500 300.6301 
642000 297.7988 
642500 302.7049 
643000 300.7772 
643500 299.8987 
644000 301.6822 
644500 302.5569 
645000 301.1652 
645500 299.1478 
646000 298.7058 
646500 299.9882 
647000 299.7860 
647500 302.4956 
648000 298.7049 
648500 302.1503 
649000 301.8112 
649500 302.6965 
650000 299.7649 
650500 300.0614 
651000 301.8441 
651500 302.3193 
652000 297.2233 
652500 299.4216 
653000 301.4276 
653500 301.8356 
654000 301.3141 
654500 300.4520 
655000 303.7098 
655500 303.4077 
656000 298.4874 
656500 301.2286 
657000 304.0327 
657500 303.0537 
658000 302.7084 
658500 297.3739 
659000 300.3673 
659500 298.5157 
660000 299.7209 
660500 300.9526 
661000 300.8767 
661500 301.1345 
662000 299.4167 
662500 296.7865 
663000 298.2446 
663500 298.7914 
664000 300.9256 
664500 297.8024 
665000 300.0507 
665500 300.1284 
666000 299.9334 
666500 298.3026 
667000 300.7600 
667500 296.0782 
668000 304.6297 
668500 300.3457 
669000 300.8637 
669500 301.7387 
670000 299.5843 
670500 300.7477 
671000 304.2659 
671500 299.4281 
672000 303.2543 
672500 300.4316 
673000 305.4105 
673500 300.2908 
674000 299.7267 
674500 299.0308 
675000 299.7741 
675500 305.8683 
676000 300.0129 
676500 299.2664 
677000 298.8027 
677500 302.1807 
678000 300.3206 
678500 298.5772 
679000 298.0733 
679500 301.0921 
680000 299.3747 
680500 300.0239 
681000 305.0472 
681500 300.3630 
682000 299.5573 
682500 302.4811 
683000 297.3160 
683500 296.8103 
684000 296.2778 
684500 297.2333 
685000 301.3014 
685500 304.4770 
686000 304.4355 
686500 297.7954 
687000 297.6744 
687500 300.7875 
688000 298.6954 
688500 298.6634 
689000 298.9014 
689500 301.1026 
690000 300.2338 
690500 301.1715 
691000 298.9657 
691500 299.4530 
692000 298.8803 
692500 302.1538 
693000 301.8624 
693500 300.6122 
694000 297.0700 
694500 302.0331 
695000 299.3543 
695500 301.2461 
696000 294.7436 
696500 302.6269 
697000 301.9244 
697500 301.2967 
698000 299.7412 
698500 297.8621 
699000 299.0367 
699500 300.0168 
700000 301.3339 
700500 298.9022 
701000 299.5246 
701500 298.6218 
702000 300.4664 
702500 300.6250 
703000 299.2766 
703500 299.4644 
704000 300.2661 
704500 300.3730 
705000 300.6367 
705500 293.6297 
706000 298.3928 
706500 303.1983 
707000 302.9458 
707500 301.2935 
708000 300.2982 
708500 300.1540 
709000 300.0709 
709500 303.1000 
710000 301.7642 
710500 297.5649 
711000 300.7747 
711500 302.1975 
712000 305.0132 
712500 301.0828 
713000 297.9367 
713500 300.3990 
714000 297.0143 
714500 297.4574 
715000 302.8644 
715500 297.6135 
716000 297.0914 
716500 297.8967 
717000 300.7163 
717500 301.6446 
718000 297.2524 
718500 299.3421 
719000 297.7207 
719500 298.3627 
720000 298.1082 
720500 299.2775 
721000 297.2623 
721500 303.2248 
722000 302.6718 
722500 298.3938 
723000 302.1682 
723500 299.8478 
724000 301.2533 
724500 299.7680 
725000 299.3794 
725500 297.6176 
726000 296.8119 
726500 296.5842 
727000 297.7899 
727500 299.9867 
728000 298.0202 
728500 297.8894 
729000 299.3372 
729500 297.3527 
730000 297.6920 
730500 298.6710 
731000 301.1772 
731500 300.8451 
732000 299.5249 
732500 297.1126 
733000 299.1823 
733500 299.4370 
734000 300.8897 
734500 301.4089 
735000 298.8304 
735500 301.3644 
736000 296.6846 
736500 299.8583 
737000 303.8403 
737500 299.1622 
738000 301.4883 
738500 303.1675 
739000 300.5419 
739500 297.3498 
740000 295.9118 
740500 300.8657 
741000 302.8472 
741500 300.8393 
742000 297.8094 
742500 300.2434 
743000 300.1087 
743500 295.6390 
744000 301.1264 
744500 298.3504 
745000 299.3776 
745500 301.9862 
746000 298.1848 
746500 299.3949 
747000 300.2594 
747500 299.9500 
748000 297.8751 
748500 298.8561 
749000 298.3343 
749500 298.8421 
750000 297.5678 
750500 302.8338 
751000 299.0385 
751500 298.8289 
752000 301.0339 
752500 301.4554 
753000 299.6161 
753500 299.5620 
754000 297.2510 
754500 300.8338 
755000 301.4113 
755500 301.4115 
756000 301.0997 
756500 295.4322 
757000 303.0959 
757500 299.9347 
758000 299.1892 
758500 298.8714 
759000 297.5064 
759500 297.7099 
760000 302.0212 
760500 300.9382 
761000 301.8310 
761500 301.8248 
762000 301.7383 
762500 301.9648 
763000 299.4318 
763500 301.8040 
764000 302.2588 
764500 302.0758 
765000 298.2552 
765500 299.1396 
766000 300.7753 
766500 303.7965 
767000 299.7989 
767500 297.2016 
768000 297.1938 
768500 300.5123 
769000 298.8037 
769500 300.4969 
770000 298.8266 
770500 298.9529 
771000 299.9098 
771500 300.5867 
772000 298.1496 
772500 298.0294 
773000 297.6443 
773500 302.4372 
774000 304.0801 
774500 300.7486 
775000 301.0468 
775500 301.5839 
776000 300.6895 
776500 302.5382 
777000 301.3338 
777500 299.7317 
778000 299.8288 
778500 307.4656 
779000 303.3122 
779500 300.5288 
780000 301.5373 
780500 299.1219 
781000 296.6697 
781500 299.1477 
782000 299.2271 
782500 302.1478 
783000 302.2477 
783500 298.0483 
784000 300.7126 
784500 304.6092 
785000 301.8149 
785500 301.2087 
786000 300.3616 
786500 297.4703 
787000 296.5259 
787500 296.1667 
788000 297.5922 
788500 299.8683 
789000 303.8271 
789500 300.4018 
790000 299.6977 
790500 298.9160 
791000 298.5349 
791500 299.1532 
792000 300.6294 
792500 297.7234 
793000 299.0165 
793500 296.5942 
794000 302.4149 
794500 296.7509 
795000 299.3306 
795500 300.1236 
796000 298.7547 
796500 301.0994 
797000 299.3018 
797500 297.7668 
798000 300.8509 
798500 301.4192 
799000 298.5638 
799500 296.3701 
800000 301.2416 
800500 301.1140 
801000 297.2403 
801500 303.0321 
802000 299.9352 
802500 300.2707 
803000 303.4350 
803500 302.4507 
804000 302.5783 
804500 298.0259 
805000 302.0427 
805500 299.3822 
806000 296.5659 
806500 298.6163 
807000 305.1678 
807500 304.5321 
808000 297.7492 
808500 299.9445 
809000 304.9115 
809500 297.3496 
810000 293.4202 
810500 298.6557 
811000 298.6905 
811500 296.7856 
812000 300.0555 
812500 299.1287 
813000 298.8969 
813500 299.0739 
814000 300.5083 
814500 300.7694 
815000 297.7476 
815500 300.1028 
816000 299.5536 
816500 301.9314 
817000 302.6543 
817500 298.8190 
818000 297.5569 
818500 298.7093 
819000 299.9000 
819500 299.1892 
820000 297.3351 
820500 298.1629 
821000 296.8270 
821500 298.7289 
822000 300.3932 
822500 302.4061 
823000 300.2356 
823500 299.2284 
824000 300.8334 
824500 295.4907 
825000 298.0898 
825500 301.2636 
826000 299.7556 
826500 297.2439 
827000 297.7734 
827500 299.4139 
828000 299.2686 
828500 300.4617 
829000 296.2658 
829500 297.7662 
830000 303.7176 
830500 295.9298 
831000 297.4757 
831500 297.5771 
832000 298.4817 
832500 296.5916 
833000 299.1812 
833500 300.8146 
834000 299.2420 
834500 299.9554 
835000 301.7066 
835500 304.5038 
836000 301.2259 
836500 299.8153 
837000 299.3786 
837500 302.3096 
838000 301.0817 
838500 301.8197 
839000 298.7812 
839500 301.0193 
840000 304.1688 
840500 301.0918 
841000 303.3043 
841500 301.7673 
842000 301.4826 
842500 296.8193 
843000 299.8074 
843500 301.4198 
844000 300.6923 
844500 301.4989 
845000 303.5588 
845500 301.2748 
846000 303.8648 
846500 302.3734 
847000 300.4536 
847500 303.5798 
848000 300.6401 
848500 299.5381 
849000 302.0225 
849500 300.7437 
850000 303.3434 
850500 301.5912 
851000 299.2942 
851500 298.7760 
852000 296.6980 
852500 298.8054 
853000 299.5969 
853500 297.2890 
854000 298.4258 
854500 297.7046 
855000 301.7493 
855500 301.8885 
856000 300.6280 
856500 305.5156 
857000 302.1461 
857500 298.6116 
858000 299.7309 
858500 300.4387 
859000 296.7593 
859500 301.1342 
860000 300.6679 
860500 302.1512 
861000 299.3468 
861500 300.9316 
862000 295.6330 
862500 296.6989 
863000 301.0814 
863500 303.6057 
864000 300.3655 
864500 301.6733 
865000 297.0564 
865500 302.6665 
866000 299.4272 
866500 298.6588 
867000 299.1258 
867500 300.5105 
868000 298.7971 
868500 297.5561 
869000 296.3920 
869500 297.2855 
870000 301.4831 
870500 301.4258 
871000 300.4843 
871500 299.2159 
872000 299.5718 
872500 299.4019 
873000 301.4682 
873500 299.8625 
874000 301.4524 
874500 298.9055 
875000 301.0060 
875500 301.2473 
876000 302.3554 
876500 302.0335 
877000 297.8900 
877500 301.5810 
878000 296.7189 
878500 299.7733 
879000 303.3568 
879500 301.7344 
880000 297.4692 
880500 294.8114 
881000 298.9612 
881500 300.1334 
882000 298.9125 
882500 298.0707 
883000 296.6115 
883500 296.1035 
884000 298.7312 
884500 300.6811 
885000 298.2516 
885500 302.8308 
886000 297.5746 
886500 297.2823 
887000 297.6475 
887500 303.2385 
888000 301.3743 
888500 301.0263 
889000 297.1774 
889500 300.4510 
890000 299.5156 
890500 300.5093 
891000 299.6624 
891500 298.1828 
892000 298.5676 
892500 301.9252 
893000 296.9653 
893500 298.4615 
894000 300.8844 
894500 298.1880 
895000 298.2564 
895500 299.6985 
896000 302.7856 
896500 301.9368 
897000 296.2104 
897500 301.4950 
898000 299.8800 
898500 298.5941 
899000 301.4736 
899500 301.7413 
900000 300.6975 
900500 305.2112 
901000 305.8997 
901500 300.4659 
902000 298.0379 
902500 302.5209 
903000 302.3832 
903500 297.2019 
904000 300.9954 
904500 295.6133 
905000 300.7851 
905500 297.5574 
906000 302.2317 
906500 300.0557 
907000 300.2609 
907500 300.3622 
908000 299.3763 
908500 297.9040 
909000 297.3834 
909500 297.4983 
910000 299.8512 
910500 297.5174 
911000 298.9438 
911500 299.7413 
912000 298.5934 
912500 303.6824 
913000 302.6119 
913500 296.3504 
914000 302.2108 
914500 298.1538 
915000 299.8003 
915500 297.2207 
916000 296.6667 
916500 302.1188 
917000 300.1049 
917500 299.5689 
918000 301.5241 
918500 302.0268 
919000 302.4529 
919500 302.4781 
920000 304.5697 
920500 301.8911 
921000 302.3918 
921500 301.9134 
922000 301.1272 
922500 298.1506 
923000 297.8023 
923500 297.7730 
924000 298.0120 
924500 301.4694 
925000 300.8137 
925500 302.7948 
926000 302.0034 
926500 300.7300 
927000 303.4478 
927500 300.6882 
928000 300.6818 
928500 300.5092 
929000 300.5830 
929500 298.2403 
930000 302.3950 
930500 298.5606 
931000 297.0378 
931500 299.1980 
932000 299.5468 
932500 295.6942 
933000 299.1886 
933500 300.3589 
934000 300.0213 
934500 299.4493 
935000 299.7706 
935500 298.2757 
936000 297.0172 
936500 296.6563 
937000 295.1985 
937500 297.3149 
938000 298.7483 
938500 303.1202 
939000 300.7022 
939500 297.0037 
940000 298.8220 
940500 301.8654 
941000 300.8343 
941500 302.1037 
942000 299.2538 
942500 299.4827 
943000 297.1970 
943500 299.3672 
944000 301.3454 
944500 298.9194 
945000 298.6284 
945500 297.7574 
946000 298.2263 
946500 298.9276 
947000 299.6411 
947500 297.1700 
948000 303.6634 
948500 298.7982 
949000 298.6170 
949500 301.1058 
950000 299.3437 
950500 298.6556 
951000 302.4748 
951500 299.3295 
952000 301.9518 
952500 299.1932 
953000 302.9311 
953500 300.9085 
954000 300.8704 
954500 302.0311 
955000 299.4058 
955500 305.3085 
956000 303.5820 
956500 300.8289 
957000 296.8833 
957500 298.8120 
958000 303.1134 
958500 302.3988 
959000 299.2986 
959500 296.8887 
960000 297.0978 
960500 296.8934 
961000 302.7898 
961500 299.9782 
962000 302.6395 
962500 299.8050 
963000 299.1124 
963500 299.0207 
964000 299.9870 
964500 301.0344 
965000 300.6940 
965500 299.9104 
966000 297.9441 
966500 302.1917 
967000 294.7382 
967500 301.9325 
968000 296.8927 
968500 300.2433 
969000 299.3725 
969500 303.4041 
970000 297.3963 
970500 298.0773 
971000 297.4878 
971500 298.9011 
972000 301.2941 
972500 301.0865 
973000 300.5809 
973500 303.0645 
974000 305.8739 
974500 302.9975 
975000 302.0738 
975500 299.7833 
976000 301.3587 
976500 299.7966 
977000 298.7886 
977500 297.9937 
978000 297.6079 
978500 294.3143 
979000 299.3225 
979500 297.9740 
980000 297.9498 
980500 298.6621 
981000 294.0764 
981500 300.8354 
982000 302.1807 
982500 298.7349 
983000 300.3222 
983500 299.8016 
984000 302.6239 
984500 302.8721 
985000 298.4460 
985500 303.2213 
986000 299.4249 
986500 300.8720 
987000 301.2004 
987500 297.7426 
988000 297.9816 
988500 301.8217 
989000 300.1978 
989500 298.3598 
990000 300.6924 
990500 299.3551 
991000 299.1027 
991500 297.8750 
992000 295.0971 
992500 294.9328 
993000 299.8922 
993500 301.0732 
994000 299.5928 
994500 302.6156 
995000 300.9646 
995500 299.9106 
996000 302.1139 
996500 298.0827 
997000 298.8230 
997500 303.1347 
998000 300.0933 
998500 299.5630 
999000 299.0031 
999500 299.1344 
1000000 297.3731 
1000500 300.2431 
1001000 301.8926 
1001500 301.2028 
1002000 299.1851 
1002500 298.6393 
1003000 300.9473 
1003500 303.0257 
1004000 297.3632 
1004500 299.0579 
1005000 297.8232 
1005500 299.7561 
1006000 298.7435 
1006500 302.2487 
1007000 300.1601 
1007500 298.1821 
1008000 300.7594 
1008500 297.0762 
1009000 300.7530 
1009500 299.1277 
1010000 300.6505 
1010500 298.3454 
1011000 295.4932 
1011500 298.1044 
1012000 299.2417 
1012500 297.8176 
1013000 298.7548 
1013500 298.3526 
1014000 298.8502 
1014500 296.3683 
1015000 298.3649 
1015500 299.5114 
1016000 295.7602 
1016500 298.3273 
1017000 297.4833 
1017500 298.6510 
1018000 300.5341 
1018500 300.4561 
1019000 302.4375 
1019500 300.6222 
1020000 299.5398 
1020500 298.5602 
1021000 298.5779 
1021500 296.8940 
1022000 298.6365 
1022500 300.1429 
1023000 297.5431 
1023500 301.4825 
1024000 301.3416 
1024500 299.8772 
1025000 299.8170 
1025500 301.7792 
1026000 302.5936 
1026500 303.0546 
1027000 298.5283 
1027500 299.7301 
1028000 301.6661 
1028500 301.5263 
1029000 301.9719 
1029500 303.8869 
1030000 300.5433 
1030500 301.4437 
1031000 297.9108 
1031500 297.6784 
1032000 295.9183 
1032500 300.6878 
1033000 299.1707 
1033500 299.4844 
1034000 299.4900 
1034500 298.7186 
1035000 299.6726 
1035500 303.0530 
1036000 297.0712 
1036500 296.5034 
1037000 299.2735 
1037500 299.6826 
1038000 302.3761 
1038500 303.2835 
1039000 302.6264 
1039500 298.8620 
1040000 299.0195 
1040500 295.9240 
1041000 298.4166 
1041500 297.5447 
1042000 296.4394 
1042500 300.8039 
1043000 301.1380 
1043500 301.7245 
1044000 299.9852 
1044500 300.0444 
1045000 299.3096 
1045500 298.4438 
1046000 299.6934 
1046500 301.7044 
1047000 300.6706 
1047500 301.4877 
1048000 302.3386 
1048500 301.4822 
1049000 298.4974 
1049500 298.3755 
1050000 300.5686 
1050500 298.3981 
1051000 299.0883 
1051500 296.1629 
1052000 301.7744 
1052500 295.8804 
1053000 298.6548 
1053500 301.1914 
1054000 296.6944 
1054500 306.1543 
1055000 301.4985 
1055500 301.3528 
1056000 300.9571 
1056500 296.6803 
1057000 297.4859 
1057500 296.5033 
1058000 298.2495 
1058500 296.7181 
1059000 301.5267 
1059500 298.1127 
1060000 297.7593 
1060500 297.4495 
1061000 295.4568 
1061500 298.2578 
1062000 297.6746 
1062500 301.6720 
1063000 301.7638 
1063500 300.4067 
1064000 298.7938 
1064500 304.4485 
1065000 302.9958 
1065500 300.0701 
1066000 299.5059 
1066500 302.0313 
1067000 298.4972 
1067500 299.7164 
1068000 298.3078 
1068500 299.4418 
1069000 301.2620 
1069500 299.8710 
1070000 300.1349 
1070500 301.5134 
1071000 302.3616 
1071500 299.1997 
1072000 297.8176 
1072500 300.4213 
1073000 299.8664 
1073500 300.9719 
1074000 304.5100 
1074500 303.7293 
1075000 302.6455 
1075500 304.0330 
1076000 301.1167 
1076500 301.2192 
1077000 300.1671 
1077500 299.4942 
1078000 298.0614 
1078500 298.9950 
1079000 301.5093 
1079500 299.1177 
1080000 298.8890 
1080500 301.9680 
1081000 300.3145 
1081500 298.3417 
1082000 302.0539 
1082500 300.0196 
1083000 297.9279 
1083500 300.7559 
1084000 300.1013 
1084500 302.3193 
1085000 303.5138 
1085500 298.6720 
1086000 298.9611 
1086500 298.2105 
1087000 298.1757 
1087500 300.7915 
1088000 298.3142 
1088500 296.9094 
1089000 302.1803 
1089500 299.2535 
1090000 296.7787 
1090500 300.1270 
1091000 302.6506 
1091500 301.3156 
1092000 299.6272 
1092500 301.3566 
1093000 297.1688 
1093500 299.9944 
1094000 300.0771 
1094500 297.6824 
1095000 300.7187 
1095500 297.5881 
1096000 301.3071 
1096500 303.1224 
1097000 301.1291 
1097500 299.9333 
1098000 295.5843 
1098500 299.4720 
1099000 296.3188 
1099500 304.6489 
1100000 297.3044 
1100500 300.7043 
1101000 299.9502 
1101500 297.4020 
1102000 302.1518 
1102500 300.4347 
1103000 298.9301 
1103500 302.5788 
1104000 297.1039 
1104500 300.4482 
1105000 296.8255 
1105500 296.4880 
1106000 295.9900 
1106500 299.3025 
1107000 299.2867 
1107500 302.1323 
1108000 297.7531 
1108500 302.3646 
1109000 298.6518 
1109500 300.6353 
1110000 302.9492 
1110500 299.3879 
1111000 301.2740 
1111500 297.6461 
1112000 299.8701 
1112500 299.7296 
1113000 299.4620 
1113500 296.6486 
1114000 298.3976 
1114500 301.2627 
1115000 298.9387 
1115500 302.3484 
1116000 299.6206 
1116500 293.7029 
1117000 297.0069 
1117500 299.0762 
1118000 300.8838 
1118500 300.0586 
1119000 299.8783 
1119500 300.9775 
1120000 299.0292 
1120500 303.3519 
1121000 300.1160 
1121500 299.5153 
1122000 302.3774 
1122500 300.6871 
1123000 300.3421 
1123500 296.5424 
1124000 303.9702 
1124500 303.6913 
1125000 300.6020 
1125500 299.4911 
1126000 301.0269 
1126500 301.0379 
1127000 300.0562 
1127500 298.0332 
1128000 298.6689 
1128500 294.9558 
1129000 298.4578 
1129500 298.9663 
1130000 296.5265 
1130500 299.8221 
1131000 300.2387 
1131500 298.8766 
1132000 297.5630 
1132500 300.6459 
1133000 299.2669 
1133500 296.0678 
1134000 298.9610 
1134500 296.3120 
1135000 298.5082 
1135500 299.6621 
1136000 298.4185 
1136500 302.9118 
1137000 297.5140 
1137500 298.7138 
1138000 296.6872 
1138500 300.5144 
1139000 302.3987 
1139500 296.7078 
1140000 300.7407 
1140500 299.5023 
1141000 297.3001 
1141500 300.6503 
1142000 300.2348 
1142500 298.3618 
1143000 298.1066 
1143500 297.9066 
1144000 296.3254 
1144500 296.3208 
1145000 296.4705 
1145500 299.4101 
1146000 296.6003 
1146500 299.3350 
1147000 297.3394 
1147500 297.5456 
1148000 297.5420 
1148500 295.2611 
1149000 300.9955 
1149500 295.0844 
1150000 297.7965 
1150500 299.8319 
1151000 297.7120 
1151500 297.9611 
1152000 300.7733 
1152500 300.0754 
1153000 301.9871 
1153500 300.2972 
1154000 299.1738 
1154500 297.5246 
1155000 300.6205 
1155500 301.3355 
1156000 297.4654 
1156500 302.5472 
1157000 299.9449 
1157500 299.4937 
1158000 298.3221 
1158500 300.0754 
1159000 298.9929 
1159500 299.7557 
1160000 299.9356 
1160500 298.1789 
1161000 302.6023 
1161500 305.6411 
1162000 301.0799 
1162500 300.2432 
1163000 298.2505 
1163500 298.5237 
1164000 301.7368 
1164500 298.1382 
1165000 301.8444 
1165500 301.0813 
1166000 296.0835 
1166500 294.5666 
1167000 297.5848 
1167500 300.6917 
1168000 299.7007 
1168500 299.3512 
1169000 295.7053 
1169500 300.2384 
1170000 300.1642 
1170500 295.7067 
1171000 298.7074 
1171500 300.9307 
1172000 300.0992 
1172500 301.2517 
1173000 299.5791 
1173500 298.3045 
1174000 298.6937 
1174500 300.3530 
1175000 298.5095 
1175500 299.5643 
1176000 300.9971 
1176500 301.6894 
1177000 301.4151 
1177500 302.7783 
1178000 298.4439 
1178500 299.5813 
1179000 297.8147 
1179500 300.7340 
1180000 300.9193 
1180500 299.8806 
1181000 299.4417 
1181500 302.5680 
1182000 302.1258 
1182500 302.8852 
1183000 302.1059 
1183500 297.6581 
1184000 299.4767 
1184500 298.2981 
1185000 301.2136 
1185500 303.1400 
1186000 302.2581 
1186500 302.1746 
1187000 301.3441 
1187500 299.1446 
1188000 298.6446 
1188500 299.8556 
1189000 296.9100 
1189500 300.2633 
1190000 296.1170 
1190500 299.9708 
1191000 295.6712 
1191500 299.8942 
1192000 299.1571 
1192500 298.6190 
1193000 298.8636 
1193500 300.7021 
1194000 295.7166 
1194500 300.4711 
1195000 295.9143 
1195500 300.3158 
1196000 295.1840 
1196500 297.5266 
1197000 295.8940 
1197500 299.3722 
1198000 302.1534 
1198500 301.9026 
1199000 295.1044 
1199500 298.5091 
1200000 297.8594 
1200500 297.3857 
1201000 300.0099 
1201500 301.4562 
1202000 298.3283 
1202500 301.2822 
1203000 301.4833 
1203500 301.2764 
1204000 300.5251 
1204500 302.6110 
1205000 302.5796 
1205500 300.9439 
1206000 299.3027 
1206500 298.0254 
1207000 297.7718 
1207500 299.2091 
1208000 301.4416 
1208500 305.4738 
1209000 301.8827 
1209500 304.3938 
1210000 303.3280 
1210500 301.4951 
1211000 298.9823 
1211500 299.0242 
1212000 296.7319 
1212500 299.3127 
1213000 298.8734 
1213500 303.2539 
1214000 300.6484 
1214500 301.2440 
1215000 297.1421 
1215500 297.1300 
1216000 302.0770 
1216500 300.7221 
1217000 295.6008 
1217500 297.2576 
1218000 297.1818 
1218500 296.8385 
1219000 297.3698 
1219500 297.6098 
1220000 293.8861 
1220500 299.5647 
1221000 296.5271 
1221500 297.4228 
1222000 296.8335 
1222500 297.3664 
1223000 297.2635 
1223500 300.4650 
1224000 299.4928 
1224500 301.6005 
1225000 301.7686 
1225500 299.7044 
1226000 298.4569 
1226500 300.8862 
1227000 299.3468 
1227500 300.7846 
1228000 299.5130 
1228500 297.6498 
1229000 298.7623 
1229500 298.8301 
1230000 297.8363 
1230500 301.8315 
1231000 299.3241 
1231500 297.1152 
1232000 301.0518 
1232500 301.9241 
1233000 300.1334 
1233500 299.5604 
1234000 297.1982 
1234500 296.3828 
1235000 301.2910 
1235500 294.4997 
1236000 298.6248 
1236500 296.4589 
1237000 298.3233 
1237500 302.0073 
1238000 302.1532 
1238500 295.9998 
1239000 297.0617 
1239500 298.5608 
1240000 302.5354 
1240500 299.0437 
1241000 298.9737 
1241500 297.0678 
1242000 299.2137 
1242500 299.6322 
1243000 299.2518 
1243500 298.0451 
1244000 297.1571 
1244500 297.1926 
1245000 301.8175 
1245500 300.7287 
1246000 303.3262 
1246500 300.5728 
1247000 297.9716 
1247500 301.3418 
1248000 299.7009 
1248500 302.0512 
1249000 299.6547 
1249500 300.3096 
1250000 298.4327 
1250500 298.7447 
1251000 296.1588 
1251500 298.7958 
1252000 300.8696 
1252500 299.2823 
1253000 299.0226 
1253500 300.6394 
1254000 300.6585 
1254500 298.2039 
1255000 302.1640 
1255500 300.3537 
1256000 301.9033 
1256500 299.5501 
1257000 300.1567 
1257500 300.6772 
1258000 298.4351 
1258500 299.3071 
1259000 302.8963 
1259500 298.5664 
1260000 299.5683 
1260500 298.5591 
1261000 298.1512 
1261500 295.8875 
1262000 301.7701 
1262500 298.7140 
1263000 297.5249 
1263500 297.2756 
1264000 296.2981 
1264500 298.3011 
1265000 295.8781 
1265500 297.0090 
1266000 300.9136 
1266500 303.6528 
1267000 298.7047 
1267500 299.0064 
1268000 300.8846 
1268500 299.4865 
1269000 302.4578 
1269500 297.9744 
1270000 301.4140 
1270500 300.7445 
1271000 304.3047 
1271500 298.7700 
1272000 299.7944 
1272500 304.6354 
1273000 304.3190 
1273500 303.1104 
1274000 300.8878 
1274500 298.3009 
1275000 298.4365 
1275500 296.5274 
1276000 299.5919 
1276500 299.0316 
1277000 298.5567 
1277500 298.6097 
1278000 302.2361 
1278500 298.6923 
1279000 300.0326 
1279500 299.6491 
1280000 300.8120 
1280500 299.1417 
1281000 299.1947 
1281500 299.6923 
1282000 296.9326 
1282500 299.1148 
1283000 298.5199 
1283500 304.7575 
1284000 304.8474 
1284500 301.1621 
1285000 299.1936 
1285500 300.1865 
1286000 301.9329 
1286500 300.8362 
1287000 303.2637 
1287500 301.2879 
1288000 302.6970 
1288500 302.3650 
1289000 301.9883 
1289500 301.7185 
1290000 302.9233 
1290500 300.4655 
1291000 298.9517 
1291500 294.6954 
1292000 296.1253 
1292500 299.0016 
1293000 299.7718 
1293500 295.3511 
1294000 297.2012 
1294500 301.5040 
1295000 299.5077 
1295500 298.3012 
1296000 302.4664 
1296500 299.2786 
1297000 301.9189 
1297500 298.3634 
1298000 297.5107 
1298500 300.5873 
1299000 298.8566 
1299500 299.4593 
1300000 302.3959 
1300500 303.0879 
1301000 300.9403 
1301500 303.0331 
1302000 300.0247 
1302500 301.7227 
1303000 302.0036 
1303500 303.8399 
1304000 303.3433 
1304500 300.6368 
1305000 304.8524 
1305500 298.9279 
1306000 300.4655 
1306500 302.3053 
1307000 301.2415 
1307500 297.2454 
1308000 299.9560 
1308500 298.3878 
1309000 301.4421 
1309500 297.8789 
1310000 300.7619 
1310500 301.2970 
1311000 295.0921 
1311500 298.0748 
1312000 298.1722 
1312500 297.3186 
1313000 298.8450 
1313500 299.2684 
1314000 302.6121 
1314500 299.2431 
1315000 301.5047 
1315500 301.2713 
1316000 303.4867 
1316500 301.7461 
1317000 300.1866 
1317500 302.5344 
1318000 302.3581 
1318500 300.1338 
1319000 302.1886 
1319500 306.4957 
1320000 300.8514 
1320500 304.8102 
1321000 304.9076 
1321500 299.9153 
1322000 300.4936 
1322500 298.5111 
1323000 302.9913 
1323500 304.7936 
1324000 304.0967 
1324500 299.8722 
1325000 296.9431 
1325500 299.8146 
1326000 296.7563 
1326500 302.0723 
1327000 301.2761 
1327500 307.0378 
1328000 300.0004 
1328500 300.1600 
1329000 302.7074 
1329500 299.2930 
1330000 297.8895 
1330500 301.4157 
1331000 301.3366 
1331500 298.6416 
1332000 299.6151 
1332500 301.4236 
1333000 300.5006 
1333500 298.3815 
1334000 299.6650 
1334500 298.5610 
1335000 302.1535 
1335500 298.1459 
1336000 303.4823 
1336500 298.9063 
1337000 301.8718 
1337500 301.0314 
1338000 295.6972 
1338500 299.5571 
1339000 299.1067 
1339500 301.0075 
1340000 299.2717 
1340500 298.5580 
1341000 300.2933 
1341500 300.5228 
1342000 298.8091 
1342500 302.9666 
1343000 302.3689 
1343500 299.0106 
1344000 300.1551 
1344500 293.7014 
1345000 302.5662 
1345500 299.6059 
1346000 301.9955 
1346500 301.8981 
1347000 296.3125 
1347500 295.9225 
1348000 299.3026 
1348500 298.2927 
1349000 299.2901 
1349500 300.8085 
1350000 296.7046 
1350500 299.5810 
1351000 300.8912 
1351500 303.6983 
1352000 303.4120 
1352500 301.2758 
1353000 301.9702 
1353500 297.5975 
1354000 300.0473 
1354500 295.1480 
1355000 299.5517 
1355500 296.7531 
1356000 295.6037 
1356500 300.0621 
1357000 305.2441 
1357500 298.3447 
1358000 298.2240 
1358500 301.0947 
1359000 298.6319 
1359500 300.9753 
1360000 298.7508 
1360500 300.5514 
1361000 298.5076 
1361500 298.5101 
1362000 297.6472 
1362500 300.3698 
1363000 299.8792 
1363500 299.2305 
1364000 300.2567 
1364500 302.8839 
1365000 298.9672 
1365500 298.4981 
1366000 296.0818 
1366500 294.7396 
1367000 297.2372 
1367500 296.7059 
1368000 303.3951 
1368500 297.7765 
1369000 300.2613 
1369500 299.0686 
1370000 301.1387 
1370500 298.5436 
1371000 297.6862 
1371500 299.0709 
1372000 299.1930 
1372500 299.6996 
1373000 298.4644 
1373500 301.7617 
1374000 297.5225 
1374500 298.0802 
1375000 298.9976 
1375500 299.7387 
1376000 300.0323 
1376500 298.9411 
1377000 300.2828 
1377500 299.8722 
1378000 299.2145 
1378500 298.3836 
1379000 299.9717 
1379500 300.2272 
1380000 298.9421 
1380500 300.0984 
1381000 297.4449 
1381500 298.6141 
1382000 300.6476 
1382500 298.5284 
1383000 296.7606 
1383500 298.2476 
1384000 301.3281 
1384500 297.2845 
1385000 299.3495 
1385500 300.9704 
1386000 297.3574 
1386500 297.0473 
1387000 295.7920 
1387500 297.6905 
1388000 295.0827 
1388500 299.6624 
1389000 297.3829 
1389500 296.7670 
1390000 302.1198 
1390500 299.2688 
1391000 300.0325 
1391500 296.3376 
1392000 298.8750 
1392500 298.0439 
1393000 297.2746 
1393500 301.7601 
1394000 300.6525 
1394500 297.0939 
1395000 305.4425 
1395500 301.1237 
1396000 302.8946 
1396500 302.8344 
1397000 303.7839 
1397500 302.9288 
1398000 303.3464 
1398500 303.7921 
1399000 302.5637 
1399500 301.0787 
1400000 298.3050 
1400500 295.7367 
1401000 298.7058 
1401500 297.3329 
1402000 294.9873 
1402500 298.5724 
1403000 299.0665 
1403500 298.8376 
1404000 298.7587 
1404500 299.0887 
1405000 297.7845 
1405500 297.8317 
1406000 299.2934 
1406500 300.4411 
1407000 299.5711 
1407500 301.3828 
1408000 301.3942 
1408500 299.8190 
1409000 298.0613 
1409500 302.9708 
1410000 300.8659 
1410500 297.9494 
1411000 300.4743 
1411500 298.7739 
1412000 298.3965 
1412500 301.6250 
1413000 300.0633 
1413500 299.7021 
1414000 297.5890 
1414500 300.6166 
1415000 299.4558 
1415500 299.3516 
1416000 302.7631 
1416500 302.4374 
1417000 299.9916 
1417500 302.6636 
1418000 300.1934 
1418500 301.6373 
1419000 302.5361 
1419500 301.5627 
1420000 302.4557 
1420500 301.1045 
1421000 298.9581 
1421500 297.3628 
1422000 298.4539 
1422500 297.0010 
1423000 296.1835 
1423500 302.5366 
1424000 299.1776 
1424500 302.1280 
1425000 300.7942 
1425500 303.7372 
1426000 300.4976 
1426500 301.2391 
1427000 302.3279 
1427500 302.8087 
1428000 299.8303 
1428500 299.0227 
1429000 300.8516 
1429500 296.3961 
1430000 298.1377 
1430500 299.0173 
1431000 298.5644 
1431500 301.2397 
1432000 296.4327 
1432500 298.2572 
1433000 300.1521 
1433500 299.5441 
1434000 296.6826 
1434500 298.4257 
1435000 296.2916 
1435500 298.9165 
1436000 297.4018 
1436500 299.1613 
1437000 298.0048 
1437500 299.4335 
1438000 298.6001 
1438500 297.3369 
1439000 298.7391 
1439500 295.6084 
1440000 302.2931 
1440500 302.8753 
1441000 301.3279 
1441500 298.8048 
1442000 299.2302 
1442500 299.9072 
1443000 300.5080 
1443500 300.2863 
1444000 298.7731 
1444500 298.0022 
1445000 300.3677 
1445500 298.6362 
1446000 299.6431 
1446500 300.3997 
1447000 302.2830 
1447500 297.8722 
1448000 301.5453 
1448500 295.8828 
1449000 299.3704 
1449500 300.8618 
1450000 298.2930 
1450500 299.2449 
1451000 299.0992 
1451500 300.1227 
1452000 299.7335 
1452500 300.4624 
1453000 297.2515 
1453500 295.6585 
1454000 301.5792 
1454500 299.0105 
1455000 296.7609 
1455500 297.0741 
1456000 298.5163 
1456500 299.0632 
1457000 301.7884 
1457500 298.2817 
1458000 301.8583 
1458500 301.1302 
1459000 301.6627 
1459500 301.2328 
1460000 298.1676 
1460500 298.8486 
1461000 295.8269 
1461500 299.4176 
1462000 304.8274 
1462500 297.0436 
1463000 297.5314 
1463500 300.7193 
1464000 301.4454 
1464500 300.6920 
1465000 302.1483 
1465500 298.7454 
1466000 298.6241 
1466500 302.0839 
1467000 304.9887 
1467500 301.0263 
1468000 299.0494 
1468500 299.3439 
1469000 301.9389 
1469500 297.7578 
1470000 299.9971 
1470500 300.8246 
1471000 302.1764 
1471500 303.2345 
1472000 305.0041 
1472500 304.2790 
1473000 303.4510 
1473500 305.4838 
1474000 301.9221 
1474500 299.5032 
1475000 302.3513 
1475500 302.8567 
1476000 298.9124 
1476500 299.7987 
1477000 300.8568 
1477500 296.8166 
1478000 299.1688 
1478500 299.2416 
1479000 295.6784 
1479500 298.2438 
1480000 300.1019 
1480500 298.2366 
1481000 300.4246 
1481500 297.8765 
1482000 297.9336 
1482500 301.1433 
1483000 300.2451 
1483500 301.7797 
1484000 300.5035 
1484500 300.1315 
1485000 301.1635 
1485500 302.2824 
1486000 303.5144 
1486500 301.4687 
1487000 299.0289 
1487500 299.1391 
1488000 298.9426 
1488500 301.2571 
1489000 304.2127 
1489500 301.0649 
1490000 302.9033 
1490500 300.6940 
1491000 298.1496 
1491500 298.6696 
1492000 299.4094 
1492500 303.3319 
1493000 302.4981 
1493500 303.4299 
1494000 302.1666 
1494500 297.7232 
1495000 303.1924 
1495500 296.0318 
1496000 299.4832 
1496500 302.5722 
1497000 298.8220 
1497500 300.9330 
1498000 302.2024 
1498500 296.7952 
1499000 294.7671 
1499500 299.5759 
1500000 298.8332 
1500500 300.5345 
