1000 184.9603 
1500 233.2736 
2000 255.0851 
2500 268.4970 
3000 280.4906 
3500 290.2964 
4000 291.2947 
4500 293.9212 
5000 294.9268 
5500 298.7284 
6000 297.0057 
6500 296.6753 
7000 297.8742 
7500 300.7160 
8000 300.5806 
8500 297.2357 
9000 299.9228 
9500 301.2918 
10000 302.9494 
10500 302.3834 
11000 301.2305 
11500 302.0494 
12000 300.6138 
12500 300.2809 
13000 297.5089 
13500 298.4058 
14000 304.4463 
14500 299.1338 
15000 297.2185 
15500 298.3294 
16000 305.9008 
16500 299.7166 
17000 300.9496 
17500 299.8817 
18000 298.9175 
18500 301.8317 
19000 299.6338 
19500 298.6207 
20000 298.8668 
20500 301.9611 
21000 298.7213 
21500 303.4098 
22000 302.8690 
22500 300.5262 
23000 303.2002 
23500 301.2670 
24000 299.8284 
24500 301.0858 
25000 301.3988 
25500 301.2683 
26000 299.6036 
26500 298.4431 
27000 298.4551 
27500 299.8692 
28000 298.0128 
28500 298.6578 
29000 298.8274 
29500 300.6467 
30000 304.5406 
30500 296.6324 
31000 298.0292 
31500 300.0794 
32000 298.5120 
32500 298.8433 
33000 300.5671 
33500 300.1239 
34000 300.6614 
34500 299.2249 
35000 301.3625 
35500 301.1268 
36000 298.8646 
36500 298.2042 
37000 299.1049 
37500 299.5791 
38000 302.1841 
38500 300.4115 
39000 296.6142 
39500 297.5291 
40000 298.3016 
40500 299.3727 
41000 297.8881 
41500 300.2097 
42000 298.3266 
42500 294.3240 
43000 302.4082 
43500 297.7024 
44000 296.4503 
44500 301.6793 
45000 299.4930 
45500 298.2458 
46000 294.9350 
46500 299.6515 
47000 299.4977 
47500 302.6828 
48000 299.9831 
48500 297.5116 
49000 298.9913 
49500 298.0557 
50000 296.3654 
50500 297.6461 
51000 297.9003 
51500 301.0329 
52000 297.0911 
52500 299.6949 
53000 300.3888 
53500 300.0339 
54000 295.8947 
54500 297.7035 
55000 295.1385 
55500 298.2952 
56000 299.0498 
56500 300.0352 
57000 298.6645 
57500 298.1654 
58000 296.5651 
58500 299.2120 
59000 298.4609 
59500 298.6687 
60000 302.1450 
60500 301.7064 
61000 297.8250 
61500 299.2847 
62000 299.6975 
62500 299.8198 
63000 299.1842 
63500 303.1862 
64000 302.6978 
64500 300.1518 
65000 299.6174 
65500 304.2071 
66000 300.9307 
66500 297.4435 
67000 302.1018 
67500 299.0414 
68000 302.1918 
68500 298.8869 
69000 298.5860 
69500 305.3383 
70000 305.0458 
70500 304.4598 
71000 301.6493 
71500 300.0146 
72000 301.0135 
72500 296.5295 
73000 297.6089 
73500 298.5711 
74000 299.2561 
74500 294.5818 
75000 299.1146 
75500 295.1458 
76000 302.4929 
76500 299.5847 
77000 299.3913 
77500 301.5361 
78000 297.9041 
78500 298.4783 
79000 303.7437 
79500 301.7776 
80000 295.8361 
80500 300.3726 
81000 302.7676 
81500 299.7777 
82000 295.8744 
82500 300.3354 
83000 297.5708 
83500 299.0610 
84000 298.6980 
84500 297.6002 
85000 301.6668 
85500 300.6684 
86000 297.2877 
86500 299.1133 
87000 297.4764 
87500 299.2977 
88000 301.7310 
88500 296.7281 
89000 301.7526 
89500 300.3527 
90000 299.9980 
90500 301.2251 
91000 299.0903 
91500 296.6523 
92000 300.4480 
92500 301.0918 
93000 301.2610 
93500 299.5425 
94000 298.8721 
94500 298.8858 
95000 298.8294 
95500 294.4179 
96000 297.0319 
96500 299.2581 
97000 298.2389 
97500 298.5740 
98000 299.0448 
98500 296.3457 
99000 300.5338 
99500 299.4417 
100000 300.2862 
100500 302.3399 
101000 301.1780 
101500 299.8020 
102000 299.0208 
102500 299.5290 
103000 301.2163 
103500 299.1228 
104000 301.6348 
104500 300.4552 
105000 298.8944 
105500 301.6791 
106000 301.2349 
106500 298.9610 
107000 296.2539 
107500 294.4472 
108000 299.2218 
108500 301.0835 
109000 297.7027 
109500 301.0514 
110000 298.5906 
110500 299.0140 
111000 297.0001 
111500 296.5575 
112000 298.0662 
112500 297.1486 
113000 300.6588 
113500 298.0084 
114000 298.1866 
114500 298.6228 
115000 296.6364 
115500 301.7157 
116000 302.3965 
116500 301.6746 
117000 301.4267 
117500 299.2139 
118000 299.9571 
118500 297.8671 
119000 296.6169 
119500 297.5483 
120000 298.7904 
120500 302.2100 
121000 301.4049 
121500 302.3095 
122000 304.0127 
122500 306.5257 
123000 300.5202 
123500 298.8843 
124000 293.4986 
124500 295.8258 
125000 295.2906 
125500 296.5572 
126000 298.4401 
126500 298.8232 
127000 299.9282 
127500 297.9597 
128000 296.9964 
128500 302.1185 
129000 297.1201 
129500 299.5101 
130000 302.5560 
130500 301.8779 
131000 297.6758 
131500 298.2151 
132000 294.4912 
132500 296.1722 
133000 300.2725 
133500 300.4606 
134000 300.9753 
134500 299.5142 
135000 302.4687 
135500 299.3739 
136000 298.4176 
136500 298.5304 
137000 298.2078 
137500 295.7865 
138000 298.5482 
138500 301.8213 
139000 297.7193 
139500 300.2051 
140000 298.8615 
140500 297.4047 
141000 300.5812 
141500 300.5741 
142000 301.1847 
142500 298.3986 
143000 300.2523 
143500 298.5129 
144000 302.6672 
144500 301.9061 
145000 302.9058 
145500 301.7714 
146000 303.3182 
146500 305.3958 
147000 298.6865 
147500 303.7504 
148000 300.9018 
148500 299.5590 
149000 300.0105 
149500 293.6063 
150000 300.0000 
150500 298.8807 
151000 299.7882 
151500 297.5579 
152000 297.5958 
152500 298.2676 
153000 300.5208 
153500 298.5760 
154000 302.4528 
154500 301.2282 
155000 300.3364 
155500 298.8435 
156000 301.1016 
156500 297.8479 
157000 300.6345 
157500 295.2121 
158000 296.4519 
158500 299.9508 
159000 300.2660 
159500 299.5189 
160000 302.6309 
160500 297.7292 
161000 297.2448 
161500 294.8881 
162000 299.8194 
162500 300.5555 
163000 296.8745 
163500 295.7012 
164000 295.9872 
164500 300.4349 
165000 295.0524 
165500 301.6673 
166000 300.1688 
166500 303.0476 
167000 305.6162 
167500 299.3889 
168000 302.3377 
168500 297.0631 
169000 297.2839 
169500 296.5195 
170000 295.4528 
170500 297.9786 
171000 301.5112 
171500 295.3630 
172000 298.6943 
172500 295.0382 
173000 299.5929 
173500 296.6199 
174000 298.4923 
174500 297.4831 
175000 302.2769 
175500 300.5621 
176000 298.8508 
176500 298.0804 
177000 300.8947 
177500 294.9624 
178000 297.9747 
178500 296.1500 
179000 299.3962 
179500 299.2059 
180000 299.9194 
180500 297.5201 
181000 299.9481 
181500 298.5528 
182000 298.2172 
182500 301.7835 
183000 303.4085 
183500 298.7402 
184000 305.1339 
184500 301.5773 
185000 300.4226 
185500 300.6610 
186000 297.3177 
186500 301.3701 
187000 300.6150 
187500 301.7763 
188000 298.7796 
188500 299.5283 
189000 305.2250 
189500 299.1695 
190000 297.9050 
190500 298.4100 
191000 298.8769 
191500 298.6102 
192000 299.2581 
192500 299.2124 
193000 300.7646 
193500 299.7664 
194000 299.3292 
194500 299.2257 
195000 298.7028 
195500 304.3043 
196000 299.9283 
196500 301.9701 
197000 299.5606 
197500 301.5697 
198000 299.5692 
198500 301.1658 
199000 295.2660 
199500 296.1948 
200000 296.7887 
200500 297.6837 
201000 300.3098 
201500 299.5307 
202000 298.2615 
202500 298.4949 
203000 303.6703 
203500 299.8080 
204000 300.1736 
204500 302.7746 
205000 299.1434 
205500 301.1886 
206000 301.5794 
206500 299.5695 
207000 300.9489 
207500 300.2548 
208000 296.4374 
208500 297.8378 
209000 297.0432 
209500 296.4500 
210000 303.6113 
210500 298.6807 
211000 298.4563 
211500 300.1707 
212000 297.3844 
212500 296.8892 
213000 296.6077 
213500 297.8712 
214000 297.6883 
214500 300.6031 
215000 301.0009 
215500 298.9445 
216000 300.3244 
216500 299.0494 
217000 299.1908 
217500 295.9252 
218000 298.9643 
218500 296.7395 
219000 298.8554 
219500 297.0783 
220000 297.3040 
220500 294.8460 
221000 295.6534 
221500 297.8357 
222000 295.7821 
222500 300.1787 
223000 299.6840 
223500 300.5688 
224000 300.2582 
224500 296.9485 
225000 302.2424 
225500 299.5558 
226000 301.3932 
226500 298.6728 
227000 301.2892 
227500 301.8212 
228000 302.5251 
228500 301.4222 
229000 300.8854 
229500 301.4332 
230000 299.8329 
230500 300.9761 
231000 301.2385 
231500 300.5500 
232000 301.1138 
232500 300.0273 
233000 303.9863 
233500 302.6455 
234000 305.8159 
234500 303.9408 
235000 299.6753 
235500 300.0876 
236000 303.1714 
236500 299.4029 
237000 301.3570 
237500 299.5012 
238000 298.9569 
238500 297.6657 
239000 298.3869 
239500 297.5888 
240000 299.1811 
240500 300.3627 
241000 301.4762 
241500 298.9724 
242000 298.5993 
242500 295.5959 
243000 299.4841 
243500 301.0311 
244000 296.5681 
244500 297.5188 
245000 297.1591 
245500 297.0081 
246000 299.0102 
246500 297.2113 
247000 299.6166 
247500 297.6769 
248000 298.7872 
248500 297.9411 
249000 299.7759 
249500 297.3114 
250000 299.7706 
250500 299.2309 
251000 298.3772 
251500 296.9137 
252000 301.3129 
252500 301.4190 
253000 302.8663 
253500 298.6766 
254000 298.4537 
254500 299.5311 
255000 301.0567 
255500 298.7763 
256000 300.0242 
256500 299.4044 
257000 299.2224 
257500 298.1447 
258000 298.1641 
258500 298.1774 
259000 299.5869 
259500 298.6698 
260000 298.4285 
260500 301.7185 
261000 303.3359 
261500 297.7264 
262000 301.1748 
262500 299.3197 
263000 294.8758 
263500 297.7969 
264000 297.6333 
264500 295.9739 
265000 296.3224 
265500 298.7673 
266000 298.8469 
266500 299.0769 
267000 300.7046 
267500 294.3776 
268000 300.2027 
268500 297.8079 
269000 301.5631 
269500 298.3358 
270000 304.1277 
270500 300.6253 
271000 298.9946 
271500 299.0857 
272000 299.5417 
272500 303.0647 
273000 304.6753 
273500 303.0141 
274000 299.5160 
274500 303.0274 
275000 295.0324 
275500 302.9997 
276000 300.2602 
276500 300.0872 
277000 300.3430 
277500 303.5321 
278000 301.1160 
278500 300.7424 
279000 297.7867 
279500 297.1255 
280000 299.2285 
280500 296.6212 
281000 296.1397 
281500 296.1292 
282000 295.6640 
282500 298.1082 
283000 300.0709 
283500 296.7712 
284000 297.4142 
284500 297.5214 
285000 299.1513 
285500 295.1858 
286000 299.6288 
286500 299.9840 
287000 300.1203 
287500 299.0604 
288000 299.7252 
288500 299.5858 
289000 300.3129 
289500 300.3360 
290000 298.5657 
290500 296.1538 
291000 299.4944 
291500 297.6461 
292000 295.4000 
292500 297.7300 
293000 299.0067 
293500 298.4425 
294000 300.9134 
294500 300.5896 
295000 299.0526 
295500 298.1534 
296000 297.0077 
296500 295.3764 
297000 298.9123 
297500 297.2480 
298000 297.7060 
298500 296.1751 
299000 297.3836 
299500 296.1712 
300000 300.0350 
300500 297.6117 
301000 299.8725 
301500 296.3723 
302000 296.4752 
302500 299.5978 
303000 298.5065 
303500 299.1214 
304000 299.8688 
304500 295.6146 
305000 291.3481 
305500 299.4703 
306000 302.5338 
306500 300.0469 
307000 299.8556 
307500 298.4630 
308000 302.2894 
308500 300.4213 
309000 298.2585 
309500 302.9832 
310000 300.2308 
310500 299.4689 
311000 299.0224 
311500 299.8537 
312000 298.8208 
312500 299.8795 
313000 298.4770 
313500 299.0885 
314000 300.3643 
314500 299.5592 
315000 300.7820 
315500 302.1973 
316000 300.9506 
316500 296.9246 
317000 299.3607 
317500 298.6809 
318000 297.1233 
318500 299.1715 
319000 295.9383 
319500 298.5970 
320000 297.6674 
320500 297.7008 
321000 298.8626 
321500 297.6221 
322000 298.4036 
322500 297.9768 
323000 299.0983 
323500 298.8520 
324000 300.4517 
324500 298.1496 
325000 296.9857 
325500 302.6933 
326000 303.2401 
326500 299.7318 
327000 298.4035 
327500 300.9747 
328000 301.9533 
328500 301.5474 
329000 299.7540 
329500 297.6454 
330000 298.7865 
330500 300.1753 
331000 298.4175 
331500 303.4208 
332000 299.2611 
332500 300.9734 
333000 301.0200 
333500 301.4683 
334000 295.7367 
334500 299.4929 
335000 298.9926 
335500 303.9398 
336000 301.0324 
336500 299.9845 
337000 300.4474 
337500 300.1013 
338000 299.2740 
338500 297.0389 
339000 298.5255 
339500 296.1472 
340000 298.0981 
340500 297.0230 
341000 299.6063 
341500 300.2779 
342000 297.5408 
342500 295.4040 
343000 299.2416 
343500 301.2778 
344000 303.4329 
344500 304.9716 
345000 302.3684 
345500 300.2705 
346000 301.1962 
346500 302.4985 
347000 300.4224 
347500 299.0441 
348000 295.8043 
348500 299.0405 
349000 294.5882 
349500 294.1652 
350000 299.3100 
350500 295.7649 
351000 297.9810 
351500 296.1701 
352000 300.1068 
352500 297.5489 
353000 301.2276 
353500 297.9870 
354000 298.1880 
354500 300.4736 
355000 295.7538 
355500 299.1710 
356000 299.4831 
356500 301.2315 
357000 297.8201 
357500 298.5002 
358000 294.1632 
358500 296.3578 
359000 297.5605 
359500 299.2599 
360000 299.9516 
360500 301.2166 
361000 300.8921 
361500 298.5876 
362000 299.8976 
362500 298.8672 
363000 297.3308 
363500 298.9265 
364000 301.0077 
364500 299.2411 
365000 294.2059 
365500 295.6208 
366000 300.7688 
366500 297.8352 
367000 299.4801 
367500 297.1937 
368000 299.4583 
368500 296.8994 
369000 298.0026 
369500 297.0666 
370000 298.3893 
370500 300.4327 
371000 300.6257 
371500 298.5454 
372000 297.4643 
372500 298.1665 
373000 302.9867 
373500 299.5362 
374000 299.5270 
374500 299.7890 
375000 299.9487 
375500 299.9146 
376000 302.8881 
376500 300.4404 
377000 302.3086 
377500 297.3792 
378000 298.4176 
378500 301.2353 
379000 299.5458 
379500 297.2304 
380000 296.1965 
380500 294.7438 
381000 296.9251 
381500 295.4314 
382000 300.1888 
382500 299.4610 
383000 299.7845 
383500 296.9762 
384000 299.3023 
384500 299.9620 
385000 299.7467 
385500 298.3543 
386000 297.9366 
386500 301.1700 
387000 296.2521 
387500 299.3701 
388000 296.6135 
388500 296.9321 
389000 300.1550 
389500 297.4939 
390000 298.8620 
390500 300.3341 
391000 300.0900 
391500 298.3124 
392000 299.6939 
392500 297.2707 
393000 298.5759 
393500 299.5913 
394000 302.1302 
394500 299.4254 
395000 299.8281 
395500 298.8284 
396000 297.9455 
396500 295.9502 
397000 297.2697 
397500 299.2404 
398000 297.5475 
398500 296.1884 
399000 294.6407 
399500 295.6425 
400000 295.1526 
400500 299.6269 
401000 304.0284 
401500 299.9213 
402000 301.6376 
402500 298.3986 
403000 301.5553 
403500 296.5622 
404000 297.3997 
404500 296.1811 
405000 295.9515 
405500 296.2096 
406000 296.7034 
406500 297.1010 
407000 296.8382 
407500 301.4588 
408000 301.4144 
408500 299.7309 
409000 298.6366 
409500 299.4489 
410000 302.1583 
410500 300.3427 
411000 298.7484 
411500 299.8415 
412000 299.4940 
412500 298.4061 
413000 300.8553 
413500 297.8709 
414000 296.3628 
414500 297.9734 
415000 301.3123 
415500 300.3329 
416000 298.9295 
416500 297.2996 
417000 297.5895 
417500 296.9228 
418000 299.2523 
418500 295.0284 
419000 293.3898 
419500 296.1282 
420000 298.8401 
420500 298.6440 
421000 294.2001 
421500 296.5046 
422000 295.1742 
422500 296.3961 
423000 296.8459 
423500 298.0897 
424000 296.2233 
424500 294.1225 
425000 296.5818 
425500 296.2923 
426000 298.5381 
426500 299.7609 
427000 298.8759 
427500 295.7269 
428000 296.4005 
428500 296.6853 
429000 296.4270 
429500 300.1876 
430000 299.4420 
430500 298.7719 
431000 297.2025 
431500 296.8036 
432000 295.0149 
432500 298.8750 
433000 297.4470 
433500 296.8214 
434000 298.5095 
434500 297.0969 
435000 299.5812 
435500 299.3939 
436000 297.8793 
436500 302.8283 
437000 300.0129 
437500 299.8841 
438000 302.2692 
438500 300.9914 
439000 301.5492 
439500 301.2993 
440000 298.9899 
440500 299.6540 
441000 301.1535 
441500 303.3429 
442000 297.4537 
442500 298.3160 
443000 299.3457 
443500 300.6156 
444000 301.6979 
444500 301.5013 
445000 298.3128 
445500 302.7234 
446000 301.8852 
446500 302.1773 
447000 299.8839 
447500 294.5380 
448000 294.7906 
448500 296.9808 
449000 298.7899 
449500 300.4145 
450000 303.2582 
450500 300.0531 
451000 299.6235 
451500 299.3559 
452000 298.6511 
452500 302.5442 
453000 297.6537 
453500 297.8513 
454000 297.5828 
454500 296.5814 
455000 300.4236 
455500 300.9463 
456000 300.2778 
456500 299.8970 
457000 300.6736 
457500 296.2230 
458000 301.1448 
458500 301.9542 
459000 296.9214 
459500 301.4338 
460000 295.6948 
460500 297.2594 
461000 299.2451 
461500 297.2179 
462000 295.8897 
462500 299.7605 
463000 297.4009 
463500 300.9403 
464000 301.6393 
464500 301.5544 
465000 304.5297 
465500 305.2355 
466000 300.5253 
466500 297.6768 
467000 298.4327 
467500 293.9453 
468000 294.2824 
468500 294.6406 
469000 296.5638 
469500 292.9001 
470000 297.9107 
470500 297.1862 
471000 297.0585 
471500 293.2060 
472000 295.2183 
472500 302.3418 
473000 299.9656 
473500 303.0797 
474000 300.0256 
474500 296.9727 
475000 298.9971 
475500 300.8349 
476000 304.7338 
476500 300.2021 
477000 296.0080 
477500 302.1749 
478000 299.4751 
478500 297.0709 
479000 300.2347 
479500 298.4704 
480000 299.9509 
480500 301.2720 
481000 298.8550 
481500 301.4861 
482000 303.8136 
482500 300.8548 
483000 301.7531 
483500 302.1138 
484000 301.2597 
484500 298.6534 
485000 296.8656 
485500 297.0874 
486000 297.3932 
486500 297.3380 
487000 299.5541 
487500 298.4334 
488000 293.7280 
488500 298.7855 
489000 297.0495 
489500 295.6881 
490000 298.7977 
490500 301.1692 
491000 298.7142 
491500 298.3353 
492000 298.0488 
492500 301.6803 
493000 298.0942 
493500 299.6501 
494000 299.3273 
494500 299.4522 
495000 301.3501 
495500 302.4089 
496000 301.7565 
496500 296.3227 
497000 297.4611 
497500 298.5813 
498000 297.8291 
498500 299.2440 
499000 302.1645 
499500 299.9239 
500000 303.5063 
500500 298.4611 
501000 294.7689 
501500 296.1366 
502000 297.0541 
502500 294.7332 
503000 300.4105 
503500 298.4196 
504000 295.4651 
504500 297.9681 
505000 297.1695 
505500 297.0239 
506000 296.7992 
506500 296.9994 
507000 300.1042 
507500 300.0280 
508000 301.8597 
508500 302.0102 
509000 296.4727 
509500 297.5457 
510000 300.4022 
510500 300.9932 
511000 303.9668 
511500 296.6662 
512000 299.3775 
512500 297.6031 
513000 298.3608 
513500 296.7280 
514000 299.3857 
514500 298.6411 
515000 297.9630 
515500 299.3757 
516000 302.4012 
516500 299.7264 
517000 301.5787 
517500 302.3364 
518000 298.4522 
518500 298.1332 
519000 298.3973 
519500 298.9297 
520000 299.2282 
520500 301.1451 
521000 300.6457 
521500 300.5651 
522000 299.6594 
522500 298.0279 
523000 300.0202 
523500 298.5342 
524000 297.4770 
524500 295.5356 
525000 300.9987 
525500 296.8841 
526000 300.1747 
526500 298.6239 
527000 298.8694 
527500 299.7909 
528000 299.9959 
528500 297.9559 
529000 300.5340 
529500 300.0973 
530000 299.3244 
530500 300.6063 
531000 299.2988 
531500 299.5630 
532000 299.3388 
532500 297.9677 
533000 297.5597 
533500 294.8349 
534000 301.0607 
534500 296.9231 
535000 297.7717 
535500 294.4746 
536000 297.4649 
536500 298.3306 
537000 299.5543 
537500 301.1110 
538000 299.7769 
538500 301.0999 
539000 300.8629 
539500 302.7470 
540000 298.8048 
540500 299.7448 
541000 295.1072 
541500 296.4576 
542000 298.1023 
542500 301.2035 
543000 302.3611 
543500 301.1519 
544000 301.8678 
544500 300.8991 
545000 299.6463 
545500 300.5616 
546000 298.6587 
546500 300.2982 
547000 302.0949 
547500 298.6506 
548000 299.3826 
548500 298.9684 
549000 298.8396 
549500 300.3651 
550000 296.0017 
550500 296.5477 
551000 297.8357 
551500 299.2949 
552000 297.7546 
552500 296.7764 
553000 298.4389 
553500 298.8819 
554000 297.6205 
554500 299.2569 
555000 295.9033 
555500 300.7875 
556000 300.4008 
556500 301.8320 
557000 301.2819 
557500 300.4190 
558000 299.4456 
558500 298.0680 
559000 301.1700 
559500 301.2000 
560000 303.7817 
560500 298.6684 
561000 302.4980 
561500 302.3682 
562000 301.3040 
562500 302.6135 
563000 300.8095 
563500 298.9084 
564000 298.2365 
564500 301.6819 
565000 301.2793 
565500 302.0260 
566000 298.7208 
566500 299.7934 
567000 300.2013 
567500 298.6205 
568000 300.8705 
568500 300.5416 
569000 299.0663 
569500 299.0634 
570000 303.2855 
570500 298.1255 
571000 298.7266 
571500 296.3851 
572000 298.7186 
572500 298.6798 
573000 300.6180 
573500 300.8630 
574000 301.6404 
574500 300.2426 
575000 299.5624 
575500 297.8066 
576000 299.6283 
576500 292.6621 
577000 302.0002 
577500 294.3028 
578000 298.3653 
578500 297.2461 
579000 296.8714 
579500 299.7157 
580000 300.2514 
580500 299.3230 
581000 297.5800 
581500 299.3540 
582000 298.5479 
582500 297.9827 
583000 296.0604 
583500 294.5039 
584000 300.0810 
584500 294.4470 
585000 299.2547 
585500 298.5277 
586000 300.4953 
586500 297.9263 
587000 300.9111 
587500 300.5768 
588000 300.0970 
588500 298.7247 
589000 296.2335 
589500 295.0070 
590000 298.6281 
590500 302.2407 
591000 299.3225 
591500 300.4057 
592000 296.8562 
592500 297.8091 
593000 298.1077 
593500 297.7619 
594000 301.3020 
594500 301.3561 
595000 302.5032 
595500 299.9955 
596000 298.2354 
596500 294.9590 
597000 297.6137 
597500 298.6348 
598000 296.5871 
598500 300.2270 
599000 298.8411 
599500 301.5729 
600000 301.0430 
600500 300.7075 
601000 301.2219 
601500 299.2321 
602000 301.6825 
602500 302.0557 
603000 300.7518 
603500 301.1223 
604000 300.1727 
604500 298.7568 
605000 298.2338 
605500 300.1859 
606000 299.7998 
606500 297.8687 
607000 297.8270 
607500 298.6105 
608000 302.0028 
608500 302.6439 
609000 296.0697 
609500 298.9885 
610000 299.5454 
610500 297.2438 
611000 296.6381 
611500 299.7284 
612000 298.5387 
612500 296.8008 
613000 299.0024 
613500 299.4855 
614000 300.1007 
614500 299.0825 
615000 299.8041 
615500 297.2219 
616000 298.9535 
616500 299.3261 
617000 298.3873 
617500 300.6051 
618000 299.6995 
618500 299.5246 
619000 300.2469 
619500 302.1528 
620000 302.9310 
620500 298.9837 
621000 296.5327 
621500 298.5634 
622000 296.4694 
622500 301.1327 
623000 300.4292 
623500 298.5311 
624000 301.2704 
624500 300.9956 
625000 305.4210 
625500 301.2033 
626000 305.4384 
626500 302.1273 
627000 299.4467 
627500 301.9236 
628000 301.2704 
628500 301.5821 
629000 304.2262 
629500 302.1266 
630000 295.0924 
630500 297.6390 
631000 296.1920 
631500 295.1252 
632000 299.4207 
632500 297.9732 
633000 296.8093 
633500 300.3934 
634000 298.0917 
634500 297.5449 
635000 293.6659 
635500 296.4196 
636000 297.0355 
636500 303.7160 
637000 299.5551 
637500 298.4252 
638000 301.8142 
638500 294.8015 
639000 297.7496 
639500 300.4077 
640000 297.0790 
640500 298.3638 
641000 298.5131 
641500 299.4007 
642000 300.2426 
642500 301.0667 
643000 300.5656 
643500 302.8393 
644000 298.8144 
644500 297.8330 
645000 299.6772 
645500 299.1819 
646000 298.5945 
646500 298.1606 
647000 303.2144 
647500 303.1355 
648000 301.1339 
648500 300.1230 
649000 301.9682 
649500 303.1163 
650000 300.8498 
650500 300.2831 
651000 298.8926 
651500 306.3498 
652000 301.7765 
652500 303.7126 
653000 298.8160 
653500 304.5658 
654000 302.7184 
654500 298.1525 
655000 298.8417 
655500 297.2660 
656000 296.4496 
656500 297.6507 
657000 298.1949 
657500 299.3094 
658000 297.3748 
658500 299.3727 
659000 298.4619 
659500 296.7778 
660000 297.9828 
660500 296.3329 
661000 301.2665 
661500 296.0693 
662000 301.7895 
662500 297.5862 
663000 298.7505 
663500 296.6293 
664000 296.5580 
664500 296.7886 
665000 296.3458 
665500 300.3261 
666000 297.0457 
666500 300.1500 
667000 300.4508 
667500 303.6152 
668000 302.3063 
668500 301.3097 
669000 298.2925 
669500 301.1493 
670000 301.9743 
670500 297.6132 
671000 300.0796 
671500 298.0831 
672000 302.2004 
672500 298.3461 
673000 299.3396 
673500 295.6715 
674000 300.6955 
674500 298.5799 
675000 299.0634 
675500 300.1944 
676000 296.7139 
676500 298.7639 
677000 300.6670 
677500 296.0514 
678000 299.8390 
678500 302.5368 
679000 297.4262 
679500 299.0072 
680000 296.6089 
680500 298.6146 
681000 298.6708 
681500 299.4458 
682000 297.9699 
682500 299.6339 
683000 297.2733 
683500 300.0637 
684000 295.4438 
684500 298.6982 
685000 301.2475 
685500 302.6683 
686000 301.0209 
686500 303.7829 
687000 300.1674 
687500 300.6963 
688000 297.6842 
688500 300.1167 
689000 298.9483 
689500 299.7088 
690000 298.5348 
690500 297.0789 
691000 294.6537 
691500 301.6052 
692000 298.1636 
692500 296.5021 
693000 298.9967 
693500 295.7231 
694000 299.7124 
694500 300.3694 
695000 301.6469 
695500 296.9698 
696000 300.0610 
696500 299.3955 
697000 304.5472 
697500 300.2225 
698000 301.0983 
698500 298.9303 
699000 296.8673 
699500 299.1677 
700000 296.5566 
700500 300.2092 
701000 299.3969 
701500 302.7632 
702000 300.4167 
702500 303.5438 
703000 303.0726 
703500 301.9412 
704000 299.1867 
704500 300.3241 
705000 297.0197 
705500 297.6700 
706000 294.3376 
706500 299.4812 
707000 299.6201 
707500 302.6814 
708000 299.1432 
708500 299.3304 
709000 302.4422 
709500 302.2876 
710000 302.8003 
710500 300.0492 
711000 301.6593 
711500 303.0405 
712000 297.7328 
712500 298.7491 
713000 300.4487 
713500 299.6231 
714000 297.1702 
714500 295.5686 
715000 295.3047 
715500 293.3326 
716000 296.2980 
716500 298.2556 
717000 296.4423 
717500 300.4758 
718000 298.6373 
718500 299.1631 
719000 297.9434 
719500 297.8153 
720000 297.1929 
720500 296.1060 
721000 297.8225 
721500 298.8942 
722000 300.2377 
722500 297.2467 
723000 299.6089 
723500 294.4502 
724000 299.8349 
724500 301.9699 
725000 297.6169 
725500 297.8997 
726000 298.7007 
726500 296.6433 
727000 296.3656 
727500 293.7117 
728000 294.5810 
728500 296.4278 
729000 297.3755 
729500 296.3922 
730000 296.9786 
730500 299.8906 
731000 297.1972 
731500 298.7312 
732000 294.6117 
732500 295.5967 
733000 292.4021 
733500 298.0781 
734000 296.9427 
734500 294.9417 
735000 300.1197 
735500 299.3338 
736000 299.3171 
736500 297.9367 
737000 298.3328 
737500 295.2904 
738000 296.7076 
738500 295.7369 
739000 300.9140 
739500 299.1278 
740000 300.5424 
740500 298.6131 
741000 300.4666 
741500 301.0996 
742000 301.5790 
742500 298.8660 
743000 300.9626 
743500 301.7870 
744000 302.2512 
744500 299.4677 
745000 298.3373 
745500 298.3752 
746000 303.7222 
746500 299.5274 
747000 299.3243 
747500 297.4829 
748000 297.4874 
748500 296.5016 
749000 296.9418 
749500 300.0387 
750000 299.1940 
750500 298.5129 
751000 296.9419 
751500 294.4033 
752000 297.3026 
752500 298.2929 
753000 300.3021 
753500 301.8089 
754000 301.4068 
754500 300.8491 
755000 299.0061 
755500 298.5543 
756000 301.1666 
756500 296.6912 
757000 301.8615 
757500 296.3418 
758000 297.1955 
758500 297.1819 
759000 297.4714 
759500 298.7607 
760000 297.5093 
760500 298.9543 
761000 297.4860 
761500 302.0523 
762000 296.4494 
762500 301.8300 
763000 301.6641 
763500 296.3514 
764000 298.3922 
764500 298.7549 
765000 297.2684 
765500 299.9440 
766000 296.8873 
766500 299.8556 
767000 299.7246 
767500 296.3564 
768000 298.4871 
768500 300.7980 
769000 299.1163 
769500 293.8011 
770000 297.5088 
770500 298.9276 
771000 299.5869 
771500 302.6015 
772000 301.2288 
772500 301.9504 
773000 295.7806 
773500 294.8354 
774000 297.4575 
774500 297.4543 
775000 299.7176 
775500 297.2816 
776000 299.7998 
776500 297.8213 
777000 297.0183 
777500 295.7026 
778000 298.6741 
778500 298.2217 
779000 298.4153 
779500 296.6004 
780000 298.2464 
780500 301.1553 
781000 299.1973 
781500 299.8552 
782000 300.3450 
782500 299.8783 
783000 295.8346 
783500 299.0328 
784000 297.3867 
784500 300.7787 
785000 297.3148 
785500 303.5759 
786000 301.7505 
786500 296.4335 
787000 296.8972 
787500 295.8612 
788000 299.7049 
788500 300.1115 
789000 297.3998 
789500 298.4083 
790000 298.8119 
790500 296.8878 
791000 298.7662 
791500 301.4968 
792000 296.8254 
792500 301.3156 
793000 304.4918 
793500 297.3388 
794000 301.4098 
794500 299.7351 
795000 297.9048 
795500 298.2128 
796000 300.6666 
796500 299.3269 
797000 296.8754 
797500 298.4687 
798000 297.4750 
798500 298.6816 
799000 299.0607 
799500 297.9850 
800000 300.2431 
800500 299.8345 
801000 299.6150 
801500 299.3965 
802000 303.5708 
802500 297.6405 
803000 300.5592 
803500 300.8798 
804000 299.7830 
804500 298.5575 
805000 301.0273 
805500 297.1573 
806000 300.1040 
806500 304.9434 
807000 303.3281 
807500 298.8461 
808000 299.9692 
808500 297.3619 
809000 299.8704 
809500 296.4886 
810000 295.8450 
810500 296.1530 
811000 300.1363 
811500 299.8657 
812000 299.5462 
812500 300.6145 
813000 298.6786 
813500 296.8784 
814000 298.0218 
814500 298.5289 
815000 297.2493 
815500 293.3504 
816000 297.0397 
816500 299.4781 
817000 293.5428 
817500 301.1366 
818000 301.0841 
818500 298.4677 
819000 300.2536 
819500 297.8813 
820000 300.8268 
820500 305.2943 
821000 300.7582 
821500 302.7321 
822000 298.5621 
822500 301.9197 
823000 297.1868 
823500 294.7818 
824000 299.0673 
824500 296.0244 
825000 298.6712 
825500 299.2020 
826000 300.9587 
826500 297.0423 
827000 296.7106 
827500 301.7711 
828000 299.1593 
828500 299.2631 
829000 300.2273 
829500 296.2059 
830000 296.7262 
830500 302.1001 
831000 298.0509 
831500 298.1307 
832000 303.1108 
832500 298.4307 
833000 301.5451 
833500 297.4221 
834000 299.8167 
834500 299.2751 
835000 298.5680 
835500 298.8213 
836000 302.0320 
836500 298.0615 
837000 297.8432 
837500 296.1845 
838000 297.5518 
838500 296.0514 
839000 297.0948 
839500 295.7505 
840000 299.2559 
840500 299.2577 
841000 296.9551 
841500 292.6631 
842000 294.7620 
842500 298.1645 
843000 296.2719 
843500 297.7868 
844000 296.2484 
844500 296.5976 
845000 299.4407 
845500 300.3185 
846000 301.3856 
846500 299.5173 
847000 299.4780 
847500 298.4123 
848000 300.4808 
848500 300.5696 
849000 300.6433 
849500 298.9043 
850000 299.0890 
850500 299.8721 
851000 301.6288 
851500 300.8591 
852000 300.1755 
852500 302.3844 
853000 300.1467 
853500 301.3910 
854000 299.1424 
854500 294.9455 
855000 294.8424 
855500 300.6906 
856000 300.4417 
856500 298.9870 
857000 301.8869 
857500 297.4829 
858000 302.6113 
858500 295.5008 
859000 300.7442 
859500 299.5238 
860000 297.1089 
860500 296.3831 
861000 297.0732 
861500 301.4822 
862000 299.8092 
862500 298.8579 
863000 299.7999 
863500 298.6926 
864000 299.0275 
864500 299.2698 
865000 303.9745 
865500 301.1124 
866000 301.1664 
866500 302.3274 
867000 301.4699 
867500 301.9817 
868000 300.4967 
868500 299.2957 
869000 297.3016 
869500 297.5166 
870000 299.7953 
870500 300.4002 
871000 298.3267 
871500 294.0248 
872000 298.7629 
872500 297.3035 
873000 299.5684 
873500 303.3561 
874000 296.2153 
874500 300.6430 
875000 294.7509 
875500 298.2584 
876000 298.5396 
876500 301.6662 
877000 299.4764 
877500 298.2316 
878000 297.7977 
878500 298.8414 
879000 299.2562 
879500 296.3588 
880000 299.0086 
880500 296.1926 
881000 299.6292 
881500 295.4630 
882000 298.2316 
882500 298.0169 
883000 299.7127 
883500 300.1262 
884000 298.6375 
884500 298.8727 
885000 297.5732 
885500 302.0106 
886000 299.3208 
886500 299.6088 
887000 300.4736 
887500 296.6053 
888000 300.0853 
888500 305.1563 
889000 302.0634 
889500 301.5277 
890000 299.4191 
890500 300.5939 
891000 301.1758 
891500 300.6684 
892000 302.5129 
892500 298.0598 
893000 299.2158 
893500 298.6635 
894000 300.6879 
894500 301.8143 
895000 296.3431 
895500 295.4565 
896000 299.4890 
896500 297.3939 
897000 295.6271 
897500 296.3699 
898000 297.3419 
898500 300.5079 
899000 296.9277 
899500 297.7872 
900000 295.6336 
900500 296.2751 
901000 297.1343 
901500 294.3151 
902000 296.3854 
902500 295.6493 
903000 301.5044 
903500 298.5306 
904000 299.3291 
904500 298.5912 
905000 297.3994 
905500 300.1598 
906000 297.9724 
906500 300.6692 
907000 300.4772 
907500 300.0998 
908000 304.3522 
908500 299.6305 
909000 299.7662 
909500 301.2220 
910000 298.5752 
910500 297.2067 
911000 298.4495 
911500 300.7624 
912000 302.6394 
912500 303.6864 
913000 302.2810 
913500 297.5816 
914000 304.8548 
914500 298.5392 
915000 300.6854 
915500 301.5543 
916000 302.8726 
916500 297.8487 
917000 298.7268 
917500 297.4154 
918000 296.5024 
918500 298.8108 
919000 300.2483 
919500 303.1427 
920000 299.0248 
920500 298.7760 
921000 298.6096 
921500 300.5007 
922000 301.0090 
922500 301.0155 
923000 296.8681 
923500 299.8619 
924000 297.6766 
924500 296.8466 
925000 301.2887 
925500 299.5955 
926000 299.4578 
926500 299.7544 
927000 298.3567 
927500 296.6526 
928000 301.5711 
928500 298.0419 
929000 297.4509 
929500 300.7109 
930000 300.8364 
930500 301.9658 
931000 300.8372 
931500 296.7639 
932000 299.1746 
932500 303.0055 
933000 298.1220 
933500 302.5999 
934000 299.4985 
934500 298.1911 
935000 299.7888 
935500 295.1068 
936000 299.3352 
936500 297.7370 
937000 300.0036 
937500 301.4391 
938000 299.5521 
938500 299.5011 
939000 299.5800 
939500 296.6719 
940000 302.6067 
940500 300.0647 
941000 298.1239 
941500 297.0102 
942000 298.6785 
942500 294.2431 
943000 299.1569 
943500 296.8595 
944000 296.9604 
944500 301.3882 
945000 298.8923 
945500 298.8347 
946000 300.1267 
946500 296.9726 
947000 295.1447 
947500 298.0782 
948000 301.7428 
948500 299.7532 
949000 299.5244 
949500 297.4973 
950000 300.6595 
950500 299.9860 
951000 301.5694 
951500 299.7754 
952000 301.9704 
952500 298.2507 
953000 298.3129 
953500 299.4245 
954000 297.4501 
954500 301.9714 
955000 300.5659 
955500 302.8330 
956000 297.3473 
956500 297.4357 
957000 299.9832 
957500 299.9674 
958000 302.4101 
958500 300.8912 
959000 303.4943 
959500 300.1625 
960000 298.9345 
960500 298.0192 
961000 299.2871 
961500 298.3837 
962000 296.3616 
962500 298.4664 
963000 297.4994 
963500 298.8031 
964000 301.0437 
964500 298.9636 
965000 298.8794 
965500 297.0732 
966000 299.4265 
966500 297.5912 
967000 299.6395 
967500 296.7564 
968000 297.3767 
968500 299.4900 
969000 295.0144 
969500 299.2845 
970000 300.0441 
970500 298.8343 
971000 295.0652 
971500 299.4401 
972000 301.3918 
972500 300.9245 
973000 301.0762 
973500 300.3944 
974000 297.5816 
974500 299.0505 
975000 299.9124 
975500 297.2246 
976000 298.7111 
976500 297.8034 
977000 297.2593 
977500 294.4530 
978000 293.9729 
978500 295.3505 
979000 296.5148 
979500 297.2772 
980000 299.2686 
980500 299.4843 
981000 296.7350 
981500 299.3394 
982000 299.6077 
982500 297.3367 
983000 298.4643 
983500 296.3890 
984000 298.8020 
984500 298.3754 
985000 300.4677 
985500 301.1658 
986000 299.0967 
986500 302.2922 
987000 302.2336 
987500 299.7117 
988000 297.9855 
988500 300.2229 
989000 299.9352 
989500 301.0520 
990000 301.3232 
990500 301.7294 
991000 301.2078 
991500 296.8578 
992000 300.4573 
992500 299.3336 
993000 296.7059 
993500 295.5972 
994000 298.7524 
994500 295.9979 
995000 296.2774 
995500 297.3729 
996000 298.6546 
996500 298.6679 
997000 298.1897 
997500 297.5060 
998000 299.9730 
998500 300.6238 
999000 297.9637 
999500 300.2693 
1000000 297.1246 
1000500 294.1432 
1001000 298.0665 
1001500 298.9326 
1002000 300.4960 
1002500 302.4370 
1003000 299.8835 
1003500 302.0882 
1004000 300.0226 
1004500 297.2134 
1005000 296.0341 
1005500 300.0824 
1006000 301.9657 
1006500 300.1260 
1007000 297.7852 
1007500 297.8383 
1008000 298.7284 
1008500 297.2347 
1009000 300.1407 
1009500 301.1181 
1010000 295.6647 
1010500 299.5574 
1011000 303.7104 
1011500 299.3872 
1012000 297.8964 
1012500 299.2077 
1013000 300.7799 
1013500 298.3032 
1014000 301.8048 
1014500 300.8741 
1015000 299.9735 
1015500 300.5718 
1016000 298.1563 
1016500 296.0700 
1017000 297.4916 
1017500 295.6905 
1018000 296.8992 
1018500 295.1932 
1019000 294.5476 
1019500 297.3963 
1020000 294.2420 
1020500 297.5850 
1021000 300.7643 
1021500 299.3115 
1022000 300.6193 
1022500 302.0285 
1023000 297.7550 
1023500 298.4200 
1024000 296.5385 
1024500 297.9716 
1025000 300.9728 
1025500 300.2065 
1026000 297.1565 
1026500 299.8229 
1027000 298.4705 
1027500 301.1750 
1028000 299.3480 
1028500 301.1395 
1029000 295.0684 
1029500 295.5812 
1030000 300.6562 
1030500 302.2574 
1031000 301.2691 
1031500 299.9078 
1032000 298.1101 
1032500 297.8836 
1033000 296.4052 
1033500 295.9652 
1034000 295.0111 
1034500 292.4911 
1035000 293.2100 
1035500 298.9001 
1036000 295.5466 
1036500 294.8572 
1037000 298.1351 
1037500 296.8130 
1038000 300.1111 
1038500 298.6534 
1039000 299.6127 
1039500 296.2045 
1040000 297.6804 
1040500 296.5699 
1041000 299.9150 
1041500 296.9151 
1042000 300.9818 
1042500 296.9486 
1043000 297.4908 
1043500 299.6882 
1044000 301.0227 
1044500 299.6710 
1045000 296.3004 
1045500 300.6337 
1046000 296.4122 
1046500 299.0127 
1047000 299.8273 
1047500 298.7712 
1048000 299.5671 
1048500 297.5100 
1049000 300.0495 
1049500 300.2563 
1050000 301.1401 
1050500 299.3674 
1051000 297.7200 
1051500 299.0680 
1052000 296.4021 
1052500 295.9292 
1053000 299.7367 
1053500 299.5152 
1054000 305.3296 
1054500 302.0142 
1055000 298.6593 
1055500 302.5769 
1056000 299.3218 
1056500 299.1206 
1057000 298.0042 
1057500 299.7314 
1058000 297.7484 
1058500 297.6270 
1059000 298.2401 
1059500 296.6919 
1060000 300.0908 
1060500 300.2095 
1061000 297.2465 
1061500 296.9436 
1062000 298.8060 
1062500 298.7652 
1063000 300.3884 
1063500 300.5891 
1064000 296.8462 
1064500 296.9137 
1065000 300.5263 
1065500 301.2795 
1066000 302.2040 
1066500 300.0998 
1067000 296.1526 
1067500 300.2950 
1068000 301.1045 
1068500 298.6232 
1069000 300.2175 
1069500 298.3189 
1070000 297.1110 
1070500 296.3432 
1071000 299.7588 
1071500 297.6755 
1072000 299.7407 
1072500 298.6068 
1073000 302.4136 
1073500 298.7291 
1074000 299.0155 
1074500 301.0265 
1075000 296.1433 
1075500 301.7510 
1076000 302.4838 
1076500 300.9672 
1077000 301.1627 
1077500 298.9252 
1078000 298.7563 
1078500 302.2488 
1079000 300.1924 
1079500 298.5602 
1080000 297.1679 
1080500 296.9723 
1081000 297.3457 
1081500 299.0534 
1082000 295.1344 
1082500 296.4991 
1083000 298.3925 
1083500 300.2702 
1084000 297.8368 
1084500 297.1039 
1085000 301.0878 
1085500 299.0356 
1086000 297.0207 
1086500 300.2369 
1087000 295.3947 
1087500 295.8910 
1088000 296.4221 
1088500 300.5245 
1089000 295.8097 
1089500 296.2059 
1090000 298.3972 
1090500 296.9608 
1091000 293.1095 
1091500 294.1572 
1092000 294.2383 
1092500 293.1175 
1093000 298.3961 
1093500 298.2231 
1094000 298.5140 
1094500 300.0440 
1095000 298.0636 
1095500 298.1842 
1096000 297.7365 
1096500 297.0901 
1097000 297.2987 
1097500 299.4285 
1098000 295.4830 
1098500 299.7270 
1099000 295.4978 
1099500 295.4459 
1100000 300.9829 
1100500 297.9183 
1101000 297.4172 
1101500 297.0414 
1102000 300.4829 
1102500 299.1543 
1103000 298.6560 
1103500 300.2090 
1104000 300.2054 
1104500 299.2658 
1105000 300.9078 
1105500 298.3436 
1106000 300.3812 
1106500 297.6521 
1107000 295.2863 
1107500 297.8846 
1108000 299.0738 
1108500 298.9515 
1109000 297.1006 
1109500 296.3515 
1110000 296.8305 
1110500 297.1078 
1111000 297.0676 
1111500 295.8016 
1112000 301.8234 
1112500 301.8455 
1113000 297.6072 
1113500 301.6975 
1114000 303.0802 
1114500 298.0103 
1115000 299.0175 
1115500 302.8328 
1116000 300.8355 
1116500 301.3461 
1117000 296.3215 
1117500 301.1284 
1118000 301.8931 
1118500 299.3899 
1119000 303.1604 
1119500 299.7265 
1120000 299.4132 
1120500 297.8295 
1121000 299.4763 
1121500 304.8906 
1122000 302.0944 
1122500 300.9773 
1123000 297.7273 
1123500 298.9875 
1124000 298.4558 
1124500 304.4387 
1125000 302.5976 
1125500 300.5639 
1126000 299.8651 
1126500 302.5155 
1127000 300.0236 
1127500 301.0520 
1128000 297.9024 
1128500 297.9200 
1129000 298.6932 
1129500 299.1020 
1130000 297.9153 
1130500 298.4386 
1131000 298.9242 
1131500 295.7560 
1132000 301.2272 
1132500 299.1665 
1133000 298.6765 
1133500 302.5311 
1134000 300.7850 
1134500 299.6183 
1135000 298.4940 
1135500 302.2820 
1136000 298.1876 
1136500 300.2766 
1137000 300.5724 
1137500 298.1769 
1138000 300.7748 
1138500 296.7458 
1139000 302.6759 
1139500 297.2835 
1140000 299.5483 
1140500 303.4372 
1141000 302.4645 
1141500 297.5697 
1142000 301.0414 
1142500 301.6829 
1143000 303.9570 
1143500 301.9554 
1144000 298.5977 
1144500 298.5524 
1145000 300.8717 
1145500 296.4035 
1146000 299.1692 
1146500 298.0413 
1147000 299.6848 
1147500 297.7281 
1148000 300.7058 
1148500 300.4416 
1149000 297.6587 
1149500 300.4647 
1150000 295.4979 
1150500 300.6757 
1151000 298.1174 
1151500 299.1947 
1152000 297.6683 
1152500 299.4132 
1153000 298.3888 
1153500 298.1635 
1154000 297.6534 
1154500 296.4367 
1155000 298.0117 
1155500 296.6242 
1156000 296.3253 
1156500 296.3714 
1157000 296.8174 
1157500 301.1983 
1158000 297.8986 
1158500 300.0489 
1159000 300.5157 
1159500 298.3742 
1160000 301.0734 
1160500 297.5525 
1161000 301.6588 
1161500 300.6824 
1162000 300.5175 
1162500 303.0776 
1163000 297.7336 
1163500 299.2263 
1164000 298.1791 
1164500 298.9133 
1165000 296.8691 
1165500 299.4014 
1166000 298.4376 
1166500 295.2513 
1167000 296.4551 
1167500 297.3112 
1168000 299.0124 
1168500 298.6591 
1169000 302.0973 
1169500 300.5468 
1170000 301.0185 
1170500 300.3884 
1171000 301.9159 
1171500 298.3011 
1172000 296.9431 
1172500 301.4173 
1173000 296.9839 
1173500 294.5950 
1174000 300.5338 
1174500 299.8024 
1175000 300.1634 
1175500 294.3848 
1176000 295.9735 
1176500 300.2919 
1177000 298.4544 
1177500 296.7231 
1178000 296.2634 
1178500 300.4657 
1179000 303.1089 
1179500 299.5776 
1180000 304.7412 
1180500 303.5917 
1181000 298.4433 
1181500 299.4054 
1182000 298.9030 
1182500 299.4636 
1183000 297.6053 
1183500 299.6374 
1184000 299.4042 
1184500 300.8965 
1185000 296.0502 
1185500 301.9952 
1186000 296.5849 
1186500 298.0268 
1187000 297.1082 
1187500 295.1524 
1188000 293.3911 
1188500 292.7060 
1189000 297.0878 
1189500 297.3121 
1190000 298.0358 
1190500 299.4765 
1191000 297.7258 
1191500 299.7311 
1192000 301.1784 
1192500 302.0208 
1193000 300.8719 
1193500 299.3073 
1194000 298.7943 
1194500 293.6691 
1195000 300.1367 
1195500 298.2743 
1196000 299.8662 
1196500 300.9096 
1197000 297.0885 
1197500 301.4915 
1198000 302.9193 
1198500 300.5558 
1199000 299.7823 
1199500 301.4569 
1200000 303.4629 
1200500 300.6063 
1201000 303.0123 
1201500 298.0933 
1202000 300.4023 
1202500 301.1091 
1203000 299.9960 
1203500 301.7193 
1204000 297.3686 
1204500 296.9844 
1205000 296.4899 
1205500 301.5444 
1206000 303.4887 
1206500 298.1135 
1207000 300.3021 
1207500 301.1597 
1208000 301.8764 
1208500 296.9831 
1209000 299.9982 
1209500 296.4982 
1210000 298.5040 
1210500 297.6077 
1211000 300.2004 
1211500 298.1916 
1212000 298.5982 
1212500 294.5361 
1213000 301.5244 
1213500 298.7809 
1214000 302.0180 
1214500 296.9516 
1215000 296.5558 
1215500 301.4049 
1216000 302.1743 
1216500 299.1443 
1217000 299.3235 
1217500 296.7190 
1218000 294.4228 
1218500 293.8021 
1219000 296.3420 
1219500 298.3629 
1220000 297.2154 
1220500 299.0835 
1221000 301.1864 
1221500 300.6171 
1222000 299.9335 
1222500 300.8364 
1223000 298.8399 
1223500 297.6981 
1224000 297.8462 
1224500 294.9838 
1225000 296.2792 
1225500 300.5517 
1226000 296.9003 
1226500 299.1390 
1227000 301.4545 
1227500 297.2438 
1228000 296.0825 
1228500 295.1727 
1229000 300.7366 
1229500 297.9046 
1230000 300.5095 
1230500 297.4948 
1231000 296.2052 
1231500 296.3792 
1232000 298.2566 
1232500 298.5067 
1233000 298.0347 
1233500 298.5513 
1234000 298.2558 
1234500 297.1140 
1235000 300.0785 
1235500 297.0672 
1236000 303.1373 
1236500 301.8918 
1237000 300.2878 
1237500 301.9658 
1238000 297.5115 
1238500 299.5994 
1239000 301.0403 
1239500 301.5765 
1240000 300.2893 
1240500 299.2702 
1241000 301.1915 
1241500 298.3768 
1242000 300.0850 
1242500 298.2838 
1243000 299.2688 
1243500 302.1581 
1244000 301.2743 
1244500 299.8811 
1245000 301.0563 
1245500 300.6732 
1246000 300.8822 
1246500 299.3260 
1247000 299.7020 
1247500 301.5175 
1248000 301.2281 
1248500 300.9922 
1249000 299.4436 
1249500 301.5654 
1250000 298.9301 
1250500 296.6524 
1251000 301.8453 
1251500 296.6557 
1252000 299.7355 
1252500 302.3314 
1253000 301.3913 
1253500 301.7406 
1254000 299.9020 
1254500 298.3781 
1255000 298.7684 
1255500 299.4994 
1256000 305.1070 
1256500 299.8336 
1257000 299.4900 
1257500 298.6996 
1258000 298.8392 
1258500 300.6496 
1259000 297.1022 
1259500 299.8804 
1260000 301.6226 
1260500 302.1519 
1261000 299.2649 
1261500 297.7560 
1262000 295.6819 
1262500 297.7713 
1263000 301.1066 
1263500 298.2887 
1264000 299.8763 
1264500 298.2657 
1265000 294.6382 
1265500 299.8929 
1266000 298.4469 
1266500 293.8077 
1267000 295.8133 
1267500 302.2291 
1268000 300.4851 
1268500 295.8103 
1269000 297.6366 
1269500 299.2960 
1270000 298.6303 
1270500 298.2264 
1271000 295.7288 
1271500 301.2867 
1272000 299.8629 
1272500 297.0075 
1273000 295.6773 
1273500 294.4139 
1274000 298.8358 
1274500 295.1930 
1275000 296.6255 
1275500 297.7824 
1276000 298.6425 
1276500 299.3199 
1277000 299.9713 
1277500 299.2839 
1278000 299.7760 
1278500 298.1302 
1279000 299.2919 
1279500 295.5878 
1280000 296.6796 
1280500 298.2179 
1281000 297.2965 
1281500 298.8884 
1282000 294.8401 
1282500 297.5623 
1283000 299.4720 
1283500 295.7262 
1284000 299.9926 
1284500 299.2652 
1285000 294.6445 
1285500 294.3810 
1286000 297.7152 
1286500 297.4676 
1287000 295.5008 
1287500 295.9316 
1288000 297.6643 
1288500 302.2948 
1289000 302.8950 
1289500 297.3156 
1290000 298.8487 
1290500 299.8527 
1291000 298.3433 
1291500 298.7908 
1292000 301.5301 
1292500 300.9052 
1293000 301.2841 
1293500 300.1510 
1294000 296.3957 
1294500 301.6305 
1295000 297.6241 
1295500 300.7422 
1296000 296.4616 
1296500 298.0475 
1297000 298.9067 
1297500 299.7270 
1298000 301.9751 
1298500 303.1171 
1299000 301.8331 
1299500 295.9163 
1300000 302.1931 
1300500 296.3750 
1301000 302.1611 
1301500 298.6636 
1302000 298.8366 
1302500 298.7370 
1303000 299.4760 
1303500 300.6335 
1304000 300.2548 
1304500 298.0992 
1305000 299.6412 
1305500 297.9412 
1306000 298.7655 
1306500 301.7715 
1307000 302.6103 
1307500 301.9177 
1308000 298.7463 
1308500 300.1343 
1309000 297.0187 
1309500 298.3659 
1310000 296.3122 
1310500 298.6767 
1311000 294.8006 
1311500 298.2076 
1312000 297.0607 
1312500 299.9291 
1313000 302.5058 
1313500 300.2361 
1314000 297.5146 
1314500 293.2262 
1315000 299.5373 
1315500 297.2927 
1316000 300.7011 
1316500 302.6124 
1317000 298.5482 
1317500 298.6946 
1318000 298.5409 
1318500 298.0637 
1319000 296.5816 
1319500 295.9942 
1320000 296.8226 
1320500 294.4485 
1321000 297.0019 
1321500 296.6246 
1322000 298.1249 
1322500 300.4631 
1323000 304.5466 
1323500 297.5142 
1324000 300.1118 
1324500 301.8379 
1325000 298.0926 
1325500 300.5047 
1326000 297.0101 
1326500 302.6339 
1327000 301.1971 
1327500 300.9931 
1328000 297.4760 
1328500 296.8319 
1329000 292.7080 
1329500 298.2935 
1330000 297.3506 
1330500 296.2448 
1331000 295.8777 
1331500 297.7785 
1332000 298.1580 
1332500 296.8084 
1333000 301.7056 
1333500 299.7391 
1334000 298.8154 
1334500 296.8293 
1335000 298.1576 
1335500 295.8440 
1336000 300.1837 
1336500 298.8564 
1337000 300.1736 
1337500 297.3400 
1338000 299.3289 
1338500 300.8875 
1339000 298.3572 
1339500 299.8860 
1340000 298.6244 
1340500 299.4062 
1341000 298.8053 
1341500 297.6088 
1342000 299.4755 
1342500 297.9665 
1343000 297.6933 
1343500 299.5421 
1344000 299.1125 
1344500 298.8577 
1345000 301.6018 
1345500 300.4601 
1346000 298.2755 
1346500 298.6047 
1347000 294.2522 
1347500 300.3278 
1348000 299.3391 
1348500 295.0723 
1349000 296.1796 
1349500 296.6626 
1350000 297.2725 
1350500 299.0526 
1351000 295.7457 
1351500 294.0091 
1352000 295.9391 
1352500 297.5020 
1353000 296.1326 
1353500 299.3479 
1354000 299.8990 
1354500 299.1460 
1355000 292.7853 
1355500 294.3580 
1356000 298.9932 
1356500 297.6262 
1357000 295.7899 
1357500 300.8507 
1358000 301.3369 
1358500 297.1244 
1359000 300.7594 
1359500 300.0833 
1360000 298.7391 
1360500 300.3150 
1361000 300.3879 
1361500 300.0609 
1362000 297.7183 
1362500 298.4419 
1363000 294.7382 
1363500 295.1930 
1364000 298.1562 
1364500 296.9142 
1365000 299.0260 
1365500 299.7299 
1366000 297.7379 
1366500 297.2580 
1367000 299.1277 
1367500 298.2603 
1368000 298.7124 
1368500 297.9390 
1369000 298.7349 
1369500 299.7124 
1370000 302.3075 
1370500 302.1648 
1371000 298.6207 
1371500 302.2659 
1372000 299.4646 
1372500 302.0070 
1373000 299.6537 
1373500 295.9493 
1374000 300.8190 
1374500 301.7113 
1375000 298.8667 
1375500 301.6517 
1376000 299.8685 
1376500 298.8552 
1377000 299.7753 
1377500 299.1302 
1378000 298.9007 
1378500 295.2215 
1379000 299.2127 
1379500 299.5110 
1380000 298.6117 
1380500 297.5738 
1381000 299.5425 
1381500 303.2947 
1382000 300.4283 
1382500 301.3357 
1383000 300.7442 
1383500 297.0198 
1384000 298.9101 
1384500 299.8734 
1385000 298.8150 
1385500 296.9578 
1386000 293.9999 
1386500 300.8672 
1387000 297.0065 
1387500 292.4448 
1388000 299.4615 
1388500 299.0362 
1389000 295.0476 
1389500 298.4347 
1390000 296.3023 
1390500 295.7509 
1391000 300.2781 
1391500 295.8848 
1392000 297.0868 
1392500 298.3638 
1393000 302.1718 
1393500 298.3165 
1394000 298.7635 
1394500 299.5795 
1395000 299.9870 
1395500 302.7368 
1396000 301.5989 
1396500 300.5633 
1397000 302.0397 
1397500 300.3282 
1398000 298.4565 
1398500 299.9418 
1399000 302.8062 
1399500 298.2789 
1400000 296.8493 
1400500 296.4745 
1401000 293.7100 
1401500 297.2245 
1402000 299.6628 
1402500 301.5676 
1403000 298.5134 
1403500 300.8896 
1404000 298.3285 
1404500 299.0900 
1405000 297.7160 
1405500 299.1781 
1406000 299.1510 
1406500 298.7916 
1407000 301.0164 
1407500 298.8851 
1408000 299.2730 
1408500 302.8649 
1409000 299.7569 
1409500 302.8164 
1410000 300.9096 
1410500 302.3289 
1411000 300.5651 
1411500 300.5380 
1412000 297.4913 
1412500 295.7927 
1413000 297.3334 
1413500 299.9096 
1414000 297.1544 
1414500 300.2156 
1415000 298.6937 
1415500 298.2781 
1416000 300.9826 
1416500 297.2015 
1417000 295.3165 
1417500 296.9730 
1418000 298.0115 
1418500 299.5203 
1419000 299.2077 
1419500 299.5518 
1420000 299.6560 
1420500 299.1350 
1421000 297.3116 
1421500 300.4146 
1422000 299.6954 
1422500 300.5498 
1423000 300.4169 
1423500 299.1258 
1424000 300.7574 
1424500 300.2057 
1425000 295.4472 
1425500 295.6691 
1426000 295.8746 
1426500 298.1032 
1427000 297.9022 
1427500 299.0707 
1428000 302.0923 
1428500 299.9878 
1429000 298.9190 
1429500 305.6292 
1430000 304.6476 
1430500 302.4483 
1431000 297.2450 
1431500 299.5250 
1432000 297.0087 
1432500 301.1780 
1433000 301.3141 
1433500 297.7080 
1434000 297.1243 
1434500 295.0717 
1435000 297.6524 
1435500 296.4498 
1436000 301.9668 
1436500 297.2699 
1437000 296.3636 
1437500 299.2736 
1438000 299.6993 
1438500 298.7135 
1439000 297.0726 
1439500 299.1376 
1440000 300.6114 
1440500 299.5147 
1441000 302.5163 
1441500 295.5606 
1442000 297.8524 
1442500 295.9750 
1443000 299.7688 
1443500 305.6666 
1444000 298.8844 
1444500 302.7176 
1445000 302.0292 
1445500 298.9871 
1446000 300.1690 
1446500 297.9247 
1447000 296.7804 
1447500 295.8988 
1448000 299.4780 
1448500 299.9584 
1449000 302.5525 
1449500 299.9339 
1450000 300.3622 
1450500 297.9197 
1451000 296.5714 
1451500 299.9893 
1452000 298.6664 
1452500 301.7351 
1453000 301.6054 
1453500 298.0633 
1454000 300.1895 
1454500 298.9937 
1455000 297.0262 
1455500 297.1795 
1456000 295.6058 
1456500 297.4048 
1457000 301.4159 
1457500 300.7123 
1458000 302.3614 
1458500 301.6951 
1459000 300.9488 
1459500 300.4202 
1460000 297.0128 
1460500 299.4758 
1461000 299.0256 
1461500 296.0118 
1462000 297.5328 
1462500 299.4577 
1463000 303.8930 
1463500 299.4494 
1464000 301.6684 
1464500 298.3394 
1465000 297.3419 
1465500 299.4757 
1466000 294.3650 
1466500 300.6132 
1467000 299.3468 
1467500 299.9939 
1468000 298.4633 
1468500 299.3119 
1469000 300.5437 
1469500 298.7511 
1470000 302.3362 
1470500 300.8677 
1471000 297.4008 
1471500 301.2181 
1472000 300.6053 
1472500 297.3592 
1473000 299.6641 
1473500 297.9507 
1474000 297.1301 
1474500 296.2388 
1475000 295.0291 
1475500 297.9831 
1476000 297.8820 
1476500 298.2299 
1477000 298.1231 
1477500 296.7820 
1478000 299.6990 
1478500 300.0539 
1479000 299.1103 
1479500 301.2457 
1480000 298.4122 
1480500 300.8674 
1481000 298.5654 
1481500 301.4829 
1482000 299.8627 
1482500 299.1207 
1483000 300.9155 
1483500 297.9135 
1484000 297.1592 
1484500 299.1101 
1485000 298.6676 
1485500 302.2519 
1486000 295.3916 
1486500 294.1265 
1487000 297.8197 
1487500 300.2394 
1488000 298.6362 
1488500 300.2900 
1489000 299.4938 
1489500 301.3152 
1490000 297.8996 
1490500 302.1030 
1491000 299.9087 
1491500 301.2422 
1492000 298.2187 
1492500 295.7313 
1493000 301.3896 
1493500 299.9896 
1494000 294.7328 
1494500 296.1382 
1495000 299.2472 
1495500 295.1829 
1496000 300.3212 
1496500 294.5931 
1497000 300.4264 
1497500 297.5765 
1498000 299.1637 
1498500 298.4796 
1499000 298.9458 
1499500 298.2712 
1500000 298.7282 
1500500 299.5414 
