0.05 0.0 
0.15000000000000002 0.0 
0.25 0.0 
0.35000000000000003 0.0 
0.45 0.0 
0.55 0.0 
0.65 0.0 
0.75 0.0 
0.8500000000000001 0.0 
0.9500000000000001 0.0 
1.05 0.0 
1.1500000000000001 0.0 
1.25 0.0 
1.35 0.0 
1.4500000000000002 4.8133383313907265e-6 
1.55 7.161259400947056e-5 
1.6500000000000001 0.0008215726360474497 
1.75 0.00388988444540322 
1.85 0.008128324746655733 
1.9500000000000002 0.010811266224703861 
2.0500000000000003 0.012673935888311139 
2.15 0.015287906924831408 
2.25 0.0193290136806247 
2.35 0.025557892630044925 
2.45 0.033729798422341965 
2.5500000000000003 0.04270706227527683 
2.6500000000000004 0.05240027296207369 
2.75 0.06171010836508977 
2.85 0.0700354454218336 
2.95 0.07526678444659063 
3.0500000000000003 0.08049439854348212 
3.1500000000000004 0.08640304477431583 
3.25 0.09275777995061134 
3.35 0.09999180587448327 
3.45 0.10738231558989648 
3.5500000000000003 0.11410929178823924 
3.6500000000000004 0.11991610018480947 
3.75 0.12586451168076737 
3.85 0.13156467811130812 
3.95 0.1368025632503162 
4.05 0.14228720445296522 
4.15 0.14720889261955974 
4.25 0.1528416564004848 
4.3500000000000005 0.15843655587608224 
4.45 0.16401250206793502 
4.55 0.16944059133517342 
4.65 0.17433983150363774 
4.75 0.17905398511784626 
4.8500000000000005 0.1827287910392835 
4.95 0.18715261059932586 
5.050000000000001 0.19086787787206294 
