1000 150.2089 
1500 206.4272 
2000 235.2622 
2500 255.1510 
3000 267.8642 
3500 280.8202 
4000 283.3566 
4500 289.7280 
5000 295.5779 
5500 295.7860 
6000 298.4856 
6500 300.7433 
7000 296.6968 
7500 298.8641 
8000 300.6509 
8500 299.8156 
9000 302.8701 
9500 301.2684 
10000 301.0150 
10500 303.5561 
11000 303.0326 
11500 299.7635 
12000 299.8627 
12500 305.0997 
13000 304.6966 
13500 302.5674 
14000 301.2287 
14500 296.7651 
15000 300.6615 
15500 299.7027 
16000 299.1861 
16500 300.2646 
17000 300.9421 
17500 298.6979 
18000 298.6271 
18500 300.8597 
19000 298.1059 
19500 298.3684 
20000 297.5873 
20500 297.4366 
21000 294.1567 
21500 299.2891 
22000 297.8657 
22500 302.5218 
23000 303.7100 
23500 299.4932 
24000 297.8498 
24500 301.6648 
25000 304.4149 
25500 301.8029 
26000 303.1631 
26500 301.0501 
27000 296.6285 
27500 300.0270 
28000 300.3068 
28500 297.7308 
29000 296.8068 
29500 298.8756 
30000 294.5070 
30500 296.8239 
31000 297.5660 
31500 303.4217 
32000 297.3226 
32500 299.0931 
33000 300.4730 
33500 299.7043 
34000 299.3669 
34500 298.4408 
35000 302.0928 
35500 298.2402 
36000 297.6188 
36500 300.7086 
37000 304.5540 
37500 304.0844 
38000 302.1277 
38500 301.3120 
39000 299.8032 
39500 298.9950 
40000 301.6361 
40500 302.0471 
41000 300.9408 
41500 297.8116 
42000 301.9841 
42500 304.5187 
43000 302.2665 
43500 299.8673 
44000 297.1832 
44500 298.8253 
45000 297.7397 
45500 297.7620 
46000 295.4697 
46500 298.3467 
47000 294.3475 
47500 297.2008 
48000 301.6709 
48500 300.0901 
49000 298.9323 
49500 295.4031 
50000 296.6342 
50500 294.8250 
51000 299.1187 
51500 299.4722 
52000 296.5708 
52500 298.1294 
53000 299.4228 
53500 302.2499 
54000 301.5084 
54500 299.8629 
55000 300.2447 
55500 301.4544 
56000 302.4372 
56500 297.9063 
57000 297.1050 
57500 298.5400 
58000 299.0758 
58500 295.3230 
59000 297.3905 
59500 299.9155 
60000 296.7388 
60500 296.2635 
61000 299.2655 
61500 301.4175 
62000 297.7931 
62500 298.1196 
63000 299.1902 
63500 302.5652 
64000 302.0825 
64500 299.7585 
65000 302.0133 
65500 301.7192 
66000 303.1058 
66500 298.4472 
67000 301.7363 
67500 302.6038 
68000 296.1475 
68500 300.7488 
69000 298.4854 
69500 298.5345 
70000 300.2417 
70500 298.9314 
71000 298.3629 
71500 300.7272 
72000 296.6295 
72500 301.3746 
73000 300.1541 
73500 302.4408 
74000 300.3627 
74500 301.0951 
75000 300.7846 
75500 298.3108 
76000 303.7053 
76500 301.0337 
77000 301.8693 
77500 297.9711 
78000 296.4133 
78500 302.8083 
79000 300.3901 
79500 298.4748 
80000 298.3451 
80500 300.7207 
81000 302.6543 
81500 298.3082 
82000 300.0194 
82500 302.8444 
83000 300.4755 
83500 302.7253 
84000 301.7233 
84500 302.2960 
85000 297.6817 
85500 301.8839 
86000 302.6371 
86500 299.3848 
87000 301.0825 
87500 300.3441 
88000 298.7111 
88500 298.1221 
89000 299.5850 
89500 301.0178 
90000 299.4229 
90500 298.7340 
91000 299.8924 
91500 298.5267 
92000 299.3557 
92500 299.6438 
93000 298.6092 
93500 302.7135 
94000 299.9191 
94500 300.2366 
95000 304.0801 
95500 299.1372 
96000 298.3821 
96500 302.6658 
97000 300.0882 
97500 295.9863 
98000 300.4682 
98500 301.0056 
99000 300.8119 
99500 301.4151 
100000 300.2150 
100500 302.3147 
101000 299.2414 
101500 298.1976 
102000 303.3340 
102500 303.6590 
103000 302.6357 
103500 300.8284 
104000 303.5539 
104500 302.8134 
105000 302.1596 
105500 299.4620 
106000 302.7311 
106500 297.8864 
107000 299.0220 
107500 298.1969 
108000 299.0127 
108500 300.3851 
109000 296.3466 
109500 300.6631 
110000 297.0025 
110500 300.2034 
111000 301.7373 
111500 298.8066 
112000 302.0130 
112500 301.1142 
113000 298.6870 
113500 295.7454 
114000 296.6670 
114500 299.5927 
115000 299.3388 
115500 301.1097 
116000 302.5136 
116500 300.9594 
117000 301.1552 
117500 298.4231 
118000 301.4121 
118500 300.5504 
119000 300.1997 
119500 298.8197 
120000 301.0828 
120500 299.9971 
121000 301.4370 
121500 302.9079 
122000 293.5111 
122500 300.3386 
123000 295.7255 
123500 301.2874 
124000 298.2144 
124500 296.3741 
125000 300.6347 
125500 297.9238 
126000 298.6237 
126500 295.4928 
127000 299.4798 
127500 297.5731 
128000 297.0341 
128500 306.5527 
129000 304.4135 
129500 300.8009 
130000 299.9548 
130500 296.0797 
131000 300.0484 
131500 297.2364 
132000 298.7332 
132500 300.6029 
133000 300.8455 
133500 298.5933 
134000 299.7403 
134500 296.7799 
135000 300.0828 
135500 302.2240 
136000 300.7399 
136500 302.6882 
137000 299.1498 
137500 304.7193 
138000 297.9235 
138500 301.3094 
139000 300.4047 
139500 301.2176 
140000 301.0594 
140500 298.9271 
141000 301.5917 
141500 299.2204 
142000 302.7345 
142500 300.0417 
143000 299.1333 
143500 303.3973 
144000 300.6963 
144500 303.0280 
145000 303.7620 
145500 300.6486 
146000 295.1638 
146500 297.9359 
147000 295.2505 
147500 300.3301 
148000 303.4879 
148500 302.8790 
149000 300.0113 
149500 297.6743 
150000 298.3898 
150500 299.0745 
151000 300.9664 
151500 297.9733 
152000 299.0321 
152500 299.7655 
153000 300.1263 
153500 304.5710 
154000 297.2504 
154500 301.5041 
155000 297.9886 
155500 297.2031 
156000 295.5133 
156500 298.4960 
157000 295.5664 
157500 303.0488 
158000 297.6442 
158500 292.9318 
159000 296.4633 
159500 295.8619 
160000 297.7465 
160500 295.1313 
161000 296.8149 
161500 296.2155 
162000 298.8569 
162500 297.3897 
163000 298.0410 
163500 299.1186 
164000 299.6337 
164500 301.2986 
165000 299.6564 
165500 302.8029 
166000 297.2957 
166500 296.6839 
167000 296.2125 
167500 299.8228 
168000 298.0351 
168500 298.1172 
169000 304.1015 
169500 299.9984 
170000 301.2087 
170500 305.6874 
171000 298.4768 
171500 296.5327 
172000 302.6232 
172500 297.7449 
173000 299.7477 
173500 299.3983 
174000 300.5867 
174500 297.3868 
175000 298.6332 
175500 298.6191 
176000 301.7950 
176500 300.9565 
177000 296.3385 
177500 298.0166 
178000 300.1535 
178500 301.7955 
179000 302.9520 
179500 301.9410 
180000 301.4286 
180500 295.9898 
181000 296.5965 
181500 296.3322 
182000 298.8095 
182500 298.4976 
183000 303.3524 
183500 302.5244 
184000 301.0368 
184500 297.8671 
185000 299.8243 
185500 298.2084 
186000 297.4712 
186500 298.6505 
187000 295.6005 
187500 300.6653 
188000 299.9213 
188500 298.3619 
189000 298.9361 
189500 296.1881 
190000 297.2383 
190500 302.0037 
191000 298.0033 
191500 297.0249 
192000 300.5539 
192500 299.8892 
193000 303.2830 
193500 299.3986 
194000 299.0334 
194500 301.8982 
195000 299.9817 
195500 294.2768 
196000 298.2810 
196500 295.6500 
197000 300.9642 
197500 300.9136 
198000 301.4694 
198500 304.4366 
199000 300.6917 
199500 296.7676 
200000 294.9238 
200500 299.1207 
201000 298.5178 
201500 294.6142 
202000 298.9998 
202500 298.8360 
203000 300.7454 
203500 299.1881 
204000 304.3735 
204500 298.5881 
205000 299.9791 
205500 300.0137 
206000 296.5952 
206500 296.4724 
207000 297.1745 
207500 298.3380 
208000 297.0514 
208500 298.2788 
209000 297.5345 
209500 302.2282 
210000 298.9908 
210500 301.6018 
211000 300.3846 
211500 299.5211 
212000 300.0049 
212500 301.0384 
213000 296.7773 
213500 301.9904 
214000 304.3000 
214500 297.6865 
215000 298.3536 
215500 300.0381 
216000 295.7193 
216500 300.0872 
217000 300.0941 
217500 301.1421 
218000 297.8758 
218500 301.8966 
219000 298.0936 
219500 299.0280 
220000 296.3667 
220500 298.2838 
221000 295.4680 
221500 298.4532 
222000 297.0499 
222500 300.2753 
223000 298.8628 
223500 299.1554 
224000 299.8155 
224500 297.3218 
225000 296.8469 
225500 296.5911 
226000 298.1380 
226500 297.4934 
227000 298.2241 
227500 297.6465 
228000 298.2872 
228500 298.9126 
229000 299.9732 
229500 298.0191 
230000 298.0989 
230500 298.3419 
231000 301.1448 
231500 306.9183 
232000 300.2018 
232500 299.5775 
233000 297.6467 
233500 299.6704 
234000 299.2427 
234500 301.0642 
235000 300.3470 
235500 295.9043 
236000 298.8290 
236500 296.5282 
237000 302.0340 
237500 300.0094 
238000 298.5348 
238500 302.1305 
239000 298.7077 
239500 301.6992 
240000 304.5038 
240500 298.5592 
241000 300.2784 
241500 296.4632 
242000 298.2832 
242500 300.6994 
243000 300.4798 
243500 302.3969 
244000 295.8497 
244500 299.2553 
245000 297.5700 
245500 299.1985 
246000 297.0444 
246500 296.5940 
247000 297.8123 
247500 298.1358 
248000 299.5636 
248500 300.6575 
249000 299.4114 
249500 295.1155 
250000 301.7255 
250500 301.3459 
251000 298.5684 
251500 298.3325 
252000 302.6455 
252500 298.1597 
253000 297.9756 
253500 299.1058 
254000 299.1421 
254500 299.0081 
255000 296.4239 
255500 300.5506 
256000 299.4397 
256500 298.6931 
257000 298.4854 
257500 298.4023 
258000 301.4896 
258500 298.5403 
259000 298.8408 
259500 297.0597 
260000 297.6189 
260500 297.8210 
261000 294.2911 
261500 298.1212 
262000 298.7496 
262500 298.7514 
263000 299.0457 
263500 295.8976 
264000 298.4230 
264500 297.3785 
265000 296.6663 
265500 298.9981 
266000 292.6827 
266500 296.8669 
267000 299.9227 
267500 299.1213 
268000 299.3965 
268500 297.8790 
269000 295.2963 
269500 296.6496 
270000 300.9149 
270500 295.0270 
271000 296.2096 
271500 301.1880 
272000 298.7123 
272500 297.8164 
273000 296.9918 
273500 300.3773 
274000 298.2122 
274500 299.0695 
275000 297.5276 
275500 301.2373 
276000 301.1435 
276500 298.3632 
277000 300.2185 
277500 297.5987 
278000 298.5164 
278500 298.2629 
279000 305.5868 
279500 302.6454 
280000 303.0845 
280500 302.9053 
281000 297.7399 
281500 299.7213 
282000 301.6431 
282500 298.2248 
283000 301.2997 
283500 300.4057 
284000 296.9300 
284500 297.2469 
285000 295.2043 
285500 294.3810 
286000 296.8942 
286500 301.2041 
287000 299.4493 
287500 298.3198 
288000 298.9554 
288500 295.4482 
289000 297.3574 
289500 297.6540 
290000 295.5652 
290500 299.6218 
291000 295.4316 
291500 297.8722 
292000 299.1738 
292500 299.6021 
293000 297.0987 
293500 300.3742 
294000 298.6211 
294500 298.7560 
295000 300.0183 
295500 299.7905 
296000 298.7692 
296500 298.6612 
297000 297.8494 
297500 297.7589 
298000 295.3095 
298500 296.5257 
299000 295.1688 
299500 295.1764 
300000 295.7912 
300500 296.4754 
301000 295.3446 
301500 293.5848 
302000 295.4608 
302500 299.5465 
303000 301.6113 
303500 303.2176 
304000 300.9716 
304500 301.8125 
305000 302.0877 
305500 300.5258 
306000 300.7671 
306500 298.3345 
307000 304.2315 
307500 303.8123 
308000 302.8670 
308500 300.3722 
309000 304.1032 
309500 298.5143 
310000 299.2301 
310500 298.8168 
311000 301.0315 
311500 299.8873 
312000 305.2667 
312500 301.4258 
313000 299.9999 
313500 298.7649 
314000 300.6901 
314500 295.2697 
315000 297.0376 
315500 295.6989 
316000 300.5749 
316500 298.1752 
317000 301.0182 
317500 296.3900 
318000 297.4704 
318500 299.7310 
319000 301.3867 
319500 300.1437 
320000 298.2939 
320500 297.4013 
321000 297.7274 
321500 301.7942 
322000 300.1061 
322500 300.3914 
323000 301.6901 
323500 302.2136 
324000 302.6611 
324500 300.0556 
325000 300.8776 
325500 299.6693 
326000 301.1457 
326500 299.1562 
327000 297.6253 
327500 296.6534 
328000 294.8294 
328500 295.5132 
329000 296.0885 
329500 296.1642 
330000 296.8565 
330500 294.8997 
331000 300.7446 
331500 299.5056 
332000 301.6253 
332500 298.2267 
333000 299.7297 
333500 297.2057 
334000 297.7443 
334500 303.1743 
335000 302.0717 
335500 297.4114 
336000 299.0339 
336500 298.4181 
337000 300.3732 
337500 300.3443 
338000 296.8563 
338500 299.3996 
339000 298.1762 
339500 304.4500 
340000 299.8854 
340500 300.6853 
341000 300.8528 
341500 301.6241 
342000 301.1654 
342500 300.3299 
343000 295.3926 
343500 298.2088 
344000 299.0630 
344500 298.9385 
345000 298.1832 
345500 297.1824 
346000 296.2508 
346500 299.6129 
347000 299.2571 
347500 301.7684 
348000 304.3876 
348500 300.6368 
349000 299.8065 
349500 297.2236 
350000 301.4903 
350500 301.7986 
351000 301.8283 
351500 296.0546 
352000 299.2431 
352500 300.1440 
353000 300.6946 
353500 298.0328 
354000 299.7031 
354500 300.7409 
355000 299.5503 
355500 299.6417 
356000 299.9461 
356500 302.1930 
357000 299.7813 
357500 298.6912 
358000 303.4120 
358500 295.8989 
359000 299.6311 
359500 298.0315 
360000 299.6468 
360500 300.0101 
361000 302.7769 
361500 302.8806 
362000 301.3890 
362500 297.6340 
363000 301.8875 
363500 297.3266 
364000 296.6623 
364500 293.6022 
365000 298.2201 
365500 298.6332 
366000 298.3756 
366500 300.0412 
367000 297.1084 
367500 301.4573 
368000 297.0036 
368500 303.1688 
369000 300.1579 
369500 300.1953 
370000 301.6693 
370500 301.7408 
371000 298.0386 
371500 299.9741 
372000 298.9210 
372500 294.6444 
373000 292.3279 
373500 294.5107 
374000 299.4932 
374500 301.4821 
375000 300.5069 
375500 299.4623 
376000 301.1068 
376500 297.6554 
377000 295.0642 
377500 297.6738 
378000 297.1211 
378500 294.0191 
379000 296.7552 
379500 298.9714 
380000 294.5006 
380500 300.8060 
381000 297.3468 
381500 297.4770 
382000 298.4105 
382500 297.1875 
383000 300.2791 
383500 301.0773 
384000 295.1003 
384500 296.7197 
385000 299.2214 
385500 300.1429 
386000 299.3094 
386500 297.5049 
387000 300.8512 
387500 301.1461 
388000 300.7535 
388500 300.1354 
389000 298.5338 
389500 299.3837 
390000 297.2164 
390500 294.0495 
391000 299.7798 
391500 304.8693 
392000 301.2267 
392500 297.1400 
393000 298.2378 
393500 296.0891 
394000 294.3535 
394500 298.6096 
395000 299.7804 
395500 300.8912 
396000 301.7893 
396500 304.2100 
397000 299.7798 
397500 302.9913 
398000 300.5897 
398500 301.5302 
399000 299.7581 
399500 296.7530 
400000 297.2327 
400500 297.9306 
401000 297.9809 
401500 302.9962 
402000 300.1732 
402500 297.1235 
403000 301.9894 
403500 299.7290 
404000 300.2908 
404500 299.6719 
405000 298.1609 
405500 298.3449 
406000 298.8569 
406500 297.7651 
407000 297.0464 
407500 299.2370 
408000 303.3699 
408500 295.2604 
409000 297.2274 
409500 299.7264 
410000 298.7669 
410500 299.5737 
411000 296.3622 
411500 297.4633 
412000 298.0762 
412500 300.7312 
413000 300.4250 
413500 299.1335 
414000 302.2691 
414500 303.9720 
415000 299.3597 
415500 298.1404 
416000 296.7252 
416500 297.9149 
417000 298.7399 
417500 299.4472 
418000 297.4097 
418500 300.3145 
419000 295.9059 
419500 299.4464 
420000 296.8081 
420500 298.8751 
421000 298.4136 
421500 296.8460 
422000 298.0975 
422500 298.7294 
423000 300.9533 
423500 297.6071 
424000 298.9553 
424500 298.9354 
425000 299.2322 
425500 304.0870 
426000 299.8378 
426500 302.9405 
427000 297.7099 
427500 301.8843 
428000 297.7450 
428500 300.8759 
429000 297.9954 
429500 302.3153 
430000 299.8058 
430500 300.1745 
431000 296.6824 
431500 298.4234 
432000 296.2896 
432500 298.2909 
433000 297.3505 
433500 299.1235 
434000 302.6377 
434500 302.9157 
435000 296.9517 
435500 300.2897 
436000 300.8302 
436500 299.2273 
437000 301.3108 
437500 301.9801 
438000 301.3206 
438500 300.6662 
439000 298.5907 
439500 301.8065 
440000 299.8839 
440500 299.0063 
441000 298.3115 
441500 299.6139 
442000 301.5285 
442500 302.4898 
443000 305.9700 
443500 300.6291 
444000 300.9380 
444500 302.3448 
445000 299.9585 
445500 300.8297 
446000 305.3072 
446500 301.9330 
447000 299.7777 
447500 301.3297 
448000 295.5720 
448500 297.8495 
449000 301.7012 
449500 301.6508 
450000 299.5354 
450500 299.4465 
451000 298.1248 
451500 296.7828 
452000 299.4234 
452500 299.1266 
453000 296.6319 
453500 297.8801 
454000 300.4889 
454500 295.9707 
455000 299.8308 
455500 298.6410 
456000 294.0679 
456500 298.5325 
457000 298.4045 
457500 297.7998 
458000 301.9543 
458500 297.4327 
459000 299.7827 
459500 298.5460 
460000 300.3021 
460500 295.3613 
461000 301.6395 
461500 297.6968 
462000 297.3512 
462500 303.2663 
463000 304.2206 
463500 299.4523 
464000 301.2604 
464500 296.2843 
465000 299.6864 
465500 300.0134 
466000 298.8228 
466500 299.2377 
467000 300.7673 
467500 302.2415 
468000 297.7668 
468500 300.5590 
469000 299.6386 
469500 299.4343 
470000 295.5964 
470500 297.5514 
471000 299.1116 
471500 298.2168 
472000 300.9954 
472500 299.2293 
473000 301.9134 
473500 298.0207 
474000 297.0398 
474500 297.6205 
475000 297.3899 
475500 296.1105 
476000 298.9107 
476500 298.3737 
477000 300.6113 
477500 298.3261 
478000 297.2790 
478500 298.5367 
479000 294.7654 
479500 298.0731 
480000 300.6717 
480500 299.0243 
481000 297.3849 
481500 303.7478 
482000 304.2229 
482500 298.4600 
483000 297.4892 
483500 294.9019 
484000 296.5570 
484500 296.7319 
485000 296.7615 
485500 298.4392 
486000 301.9918 
486500 296.4333 
487000 298.2865 
487500 302.8782 
488000 303.6127 
488500 302.0937 
489000 302.8372 
489500 305.5855 
490000 301.4686 
490500 303.8353 
491000 300.8928 
491500 303.7080 
492000 302.5998 
492500 296.2791 
493000 298.8894 
493500 294.9875 
494000 297.6465 
494500 298.0978 
495000 299.7191 
495500 296.8745 
496000 297.7488 
496500 299.7495 
497000 298.5222 
497500 300.7295 
498000 300.7960 
498500 299.8712 
499000 297.2546 
499500 297.4493 
500000 301.7239 
500500 299.5560 
501000 296.3408 
501500 298.0333 
502000 299.7855 
502500 298.1512 
503000 300.7705 
503500 296.2121 
504000 301.1475 
504500 296.8042 
505000 296.0499 
505500 296.5317 
506000 299.0488 
506500 299.2516 
507000 296.4171 
507500 299.2280 
508000 298.7079 
508500 298.1213 
509000 300.9744 
509500 300.1928 
510000 301.3806 
510500 298.1421 
511000 300.1538 
511500 294.9346 
512000 295.0071 
512500 298.1523 
513000 296.8495 
513500 297.4607 
514000 297.4074 
514500 297.9570 
515000 300.2570 
515500 303.2960 
516000 298.7971 
516500 302.5632 
517000 303.0254 
517500 303.2342 
518000 301.0109 
518500 297.7474 
519000 298.8270 
519500 301.1483 
520000 304.2570 
520500 297.5401 
521000 302.8346 
521500 303.7403 
522000 301.7136 
522500 301.9896 
523000 299.7555 
523500 297.8160 
524000 299.6304 
524500 299.7893 
525000 304.0601 
525500 300.3718 
526000 298.5371 
526500 300.7062 
527000 303.5658 
527500 306.3150 
528000 301.0502 
528500 295.8097 
529000 299.6981 
529500 302.6083 
530000 300.2806 
530500 300.1547 
531000 297.2656 
531500 300.9686 
532000 295.9342 
532500 298.5811 
533000 303.6490 
533500 299.7898 
534000 299.3856 
534500 297.1687 
535000 297.7212 
535500 301.2638 
536000 298.8130 
536500 302.9880 
537000 302.9921 
537500 299.2040 
538000 301.1573 
538500 300.8170 
539000 300.3591 
539500 297.9354 
540000 298.8743 
540500 298.7177 
541000 301.1702 
541500 296.8829 
542000 299.4995 
542500 300.5606 
543000 298.1101 
543500 300.5506 
544000 299.4057 
544500 301.9795 
545000 299.9252 
545500 295.9554 
546000 298.3128 
546500 299.2270 
547000 297.7938 
547500 298.2721 
548000 304.9062 
548500 299.0685 
549000 302.4759 
549500 302.0300 
550000 299.4717 
550500 297.0957 
551000 297.9690 
551500 299.4764 
552000 295.8274 
552500 299.6314 
553000 299.6586 
553500 300.7171 
554000 298.1093 
554500 299.4007 
555000 301.7199 
555500 302.1366 
556000 299.1021 
556500 299.6128 
557000 301.2921 
557500 300.3837 
558000 300.3813 
558500 304.6911 
559000 296.4147 
559500 295.9663 
560000 297.3518 
560500 302.5985 
561000 297.9534 
561500 298.7895 
562000 302.5033 
562500 300.5566 
563000 295.1490 
563500 298.7818 
564000 299.4064 
564500 294.9035 
565000 298.4726 
565500 297.0956 
566000 298.8491 
566500 295.5858 
567000 297.3027 
567500 296.2162 
568000 299.8589 
568500 301.1917 
569000 293.6946 
569500 297.8041 
570000 297.8990 
570500 298.5095 
571000 295.2296 
571500 299.5829 
572000 296.7276 
572500 297.9345 
573000 301.1168 
573500 301.2063 
574000 295.7672 
574500 298.4745 
575000 298.3927 
575500 302.7914 
576000 302.2355 
576500 299.8552 
577000 300.7486 
577500 297.0119 
578000 301.9784 
578500 300.1626 
579000 303.2049 
579500 298.2358 
580000 299.2631 
580500 300.0363 
581000 294.7367 
581500 299.9762 
582000 297.2298 
582500 297.3563 
583000 299.5306 
583500 301.9696 
584000 299.5414 
584500 299.7617 
585000 300.3761 
585500 298.1574 
586000 298.5064 
586500 297.3105 
587000 295.8825 
587500 302.5363 
588000 299.5880 
588500 299.5873 
589000 301.1193 
589500 303.8080 
590000 298.0864 
590500 297.0386 
591000 298.0794 
591500 294.6680 
592000 298.2629 
592500 297.8099 
593000 299.8071 
593500 307.0570 
594000 296.2832 
594500 301.7351 
595000 299.9831 
595500 299.0070 
596000 296.0020 
596500 295.1362 
597000 300.2216 
597500 299.5375 
598000 299.6290 
598500 300.5001 
599000 305.2751 
599500 297.4603 
600000 300.3668 
600500 300.3550 
601000 301.5656 
601500 298.9684 
602000 299.2609 
602500 301.2174 
603000 298.0345 
603500 298.7437 
604000 298.2332 
604500 300.0315 
605000 299.4655 
605500 299.7761 
606000 297.1397 
606500 302.0807 
607000 299.4361 
607500 300.1510 
608000 303.4736 
608500 305.1177 
609000 301.4496 
609500 297.4692 
610000 302.4336 
610500 295.8108 
611000 302.7446 
611500 297.0255 
612000 296.2356 
612500 299.8492 
613000 296.7086 
613500 299.4956 
614000 300.7599 
614500 303.7858 
615000 300.3485 
615500 299.8462 
616000 304.1347 
616500 299.5823 
617000 298.5341 
617500 300.6317 
618000 298.1776 
618500 298.3355 
619000 300.9022 
619500 303.7598 
620000 300.6547 
620500 302.2356 
621000 300.1159 
621500 303.8440 
622000 301.1897 
622500 300.4574 
623000 298.1896 
623500 300.9363 
624000 296.3381 
624500 297.5961 
625000 301.7000 
625500 298.6887 
626000 302.1445 
626500 299.9860 
627000 297.0747 
627500 296.2385 
628000 296.6566 
628500 296.2826 
629000 300.3356 
629500 300.2521 
630000 300.4765 
630500 300.4445 
631000 297.1782 
631500 299.7751 
632000 298.2129 
632500 297.6133 
633000 298.0704 
633500 298.2874 
634000 300.9868 
634500 297.5704 
635000 295.4180 
635500 296.7319 
636000 296.9420 
636500 297.4919 
637000 297.2925 
637500 301.7338 
638000 299.7689 
638500 300.8214 
639000 300.8887 
639500 297.0887 
640000 295.8864 
640500 300.8612 
641000 298.6283 
641500 299.6839 
642000 301.3692 
642500 297.6743 
643000 296.1546 
643500 301.3497 
644000 295.3577 
644500 297.0991 
645000 297.9035 
645500 296.2699 
646000 298.4039 
646500 298.6611 
647000 300.9327 
647500 298.8512 
648000 301.3495 
648500 300.4912 
649000 300.2779 
649500 302.1843 
650000 298.4285 
650500 298.8332 
651000 298.3427 
651500 299.1468 
652000 303.8512 
652500 302.4926 
653000 297.2897 
653500 299.7127 
654000 303.1551 
654500 299.6416 
655000 302.1282 
655500 301.9833 
656000 298.9456 
656500 302.8605 
657000 301.2769 
657500 304.5269 
658000 296.1152 
658500 300.3367 
659000 298.0248 
659500 299.9300 
660000 299.9114 
660500 299.6176 
661000 295.7362 
661500 298.1163 
662000 300.6078 
662500 300.2688 
663000 300.7772 
663500 299.9134 
664000 300.1258 
664500 297.2739 
665000 299.6068 
665500 303.6117 
666000 302.4951 
666500 301.0254 
667000 301.1447 
667500 301.3992 
668000 295.9630 
668500 298.8147 
669000 299.7206 
669500 297.8855 
670000 296.1637 
670500 301.1278 
671000 303.2692 
671500 299.1312 
672000 301.9341 
672500 300.3706 
673000 302.7283 
673500 302.4028 
674000 299.6947 
674500 296.3272 
675000 298.2800 
675500 300.5151 
676000 298.2245 
676500 296.7229 
677000 294.2005 
677500 292.8499 
678000 295.0734 
678500 299.6108 
679000 298.1592 
679500 296.9833 
680000 295.8956 
680500 294.7860 
681000 299.3337 
681500 294.0231 
682000 298.0426 
682500 297.4991 
683000 298.2894 
683500 300.4537 
684000 304.8066 
684500 300.0410 
685000 299.0503 
685500 296.5685 
686000 306.2016 
686500 300.8815 
687000 301.7415 
687500 300.8169 
688000 299.9880 
688500 299.8912 
689000 300.8960 
689500 300.5866 
690000 302.0336 
690500 301.1514 
691000 299.8942 
691500 298.1199 
692000 300.5651 
692500 299.0671 
693000 302.3590 
693500 301.9340 
694000 302.4441 
694500 299.1245 
695000 297.8489 
695500 297.0350 
696000 299.1522 
696500 298.5928 
697000 296.5293 
697500 296.0486 
698000 297.1573 
698500 300.9267 
699000 296.3084 
699500 295.7075 
700000 296.7630 
700500 298.3821 
701000 300.8238 
701500 301.8016 
702000 300.7248 
702500 297.3114 
703000 298.9195 
703500 301.2327 
704000 299.4696 
704500 298.0078 
705000 298.8729 
705500 302.3780 
706000 298.6813 
706500 298.5812 
707000 298.6869 
707500 301.9340 
708000 297.3084 
708500 297.2620 
709000 299.9297 
709500 298.2921 
710000 300.1534 
710500 296.1390 
711000 302.6457 
711500 299.9500 
712000 300.1879 
712500 298.9814 
713000 299.2428 
713500 299.4644 
714000 301.2750 
714500 303.6657 
715000 301.8458 
715500 299.1898 
716000 302.0557 
716500 297.4406 
717000 299.8888 
717500 299.0588 
718000 299.3742 
718500 300.2653 
719000 299.7555 
719500 300.2390 
720000 298.5394 
720500 297.6991 
721000 305.0543 
721500 295.0890 
722000 300.3713 
722500 298.0364 
723000 297.0200 
723500 298.1256 
724000 301.4577 
724500 298.3421 
725000 298.0647 
725500 299.0111 
726000 300.2820 
726500 298.4330 
727000 297.3930 
727500 294.5229 
728000 298.3236 
728500 298.1690 
729000 300.6124 
729500 299.6311 
730000 297.3609 
730500 300.2466 
731000 300.9252 
731500 301.7074 
732000 298.1925 
732500 302.5647 
733000 302.5836 
733500 300.1675 
734000 302.9408 
734500 303.5329 
735000 297.8567 
735500 298.0327 
736000 298.4951 
736500 298.6582 
737000 299.3358 
737500 295.4166 
738000 295.2090 
738500 298.3170 
739000 298.1309 
739500 299.3605 
740000 300.4784 
740500 300.3128 
741000 298.5170 
741500 299.0605 
742000 300.5022 
742500 302.4545 
743000 299.0559 
743500 297.8491 
744000 298.8111 
744500 295.7926 
745000 298.7841 
745500 297.1980 
746000 297.7841 
746500 298.2239 
747000 300.6638 
747500 300.6455 
748000 300.0441 
748500 302.5237 
749000 297.9211 
749500 294.9076 
750000 299.7468 
750500 298.8691 
751000 297.1518 
751500 298.4821 
752000 297.5341 
752500 297.2630 
753000 300.9438 
753500 297.9610 
754000 300.7373 
754500 301.1819 
755000 297.5578 
755500 299.8521 
756000 298.9373 
756500 294.2797 
757000 297.9928 
757500 299.3391 
758000 297.0313 
758500 302.1005 
759000 298.3572 
759500 298.7401 
760000 295.7948 
760500 298.7737 
761000 299.9818 
761500 298.9065 
762000 297.2554 
762500 296.3464 
763000 297.9027 
763500 298.0518 
764000 299.6899 
764500 298.5521 
765000 297.2622 
765500 299.6429 
766000 298.2492 
766500 300.7555 
767000 301.8450 
767500 299.3091 
768000 301.3547 
768500 299.9730 
769000 298.2275 
769500 297.2637 
770000 298.9981 
770500 299.3296 
771000 297.9501 
771500 297.6814 
772000 294.4493 
772500 296.7456 
773000 294.5729 
773500 301.3502 
774000 302.7125 
774500 298.1230 
775000 298.4335 
775500 299.3208 
776000 296.7801 
776500 299.2511 
777000 300.9229 
777500 301.0779 
778000 295.9457 
778500 295.6213 
779000 301.9305 
779500 299.9307 
780000 301.9746 
780500 301.7771 
781000 300.7891 
781500 298.4399 
782000 296.1203 
782500 300.0247 
783000 299.6538 
783500 294.9987 
784000 300.5587 
784500 298.1467 
785000 301.4471 
785500 296.8591 
786000 300.0090 
786500 301.7667 
787000 300.1540 
787500 297.1262 
788000 300.7330 
788500 299.4250 
789000 298.7348 
789500 297.5821 
790000 300.0114 
790500 296.4047 
791000 296.6800 
791500 300.9177 
792000 296.5223 
792500 296.2820 
793000 300.4541 
793500 293.0483 
794000 298.8831 
794500 299.1771 
795000 299.5467 
795500 299.4158 
796000 303.0715 
796500 302.2618 
797000 301.8784 
797500 307.8629 
798000 301.9826 
798500 299.8778 
799000 299.7449 
799500 299.9565 
800000 296.3945 
800500 298.8794 
801000 298.0526 
801500 297.8599 
802000 299.3519 
802500 300.2604 
803000 297.9047 
803500 299.1914 
804000 300.0619 
804500 295.8169 
805000 296.7520 
805500 294.8136 
806000 300.0715 
806500 302.5283 
807000 302.1009 
807500 294.0927 
808000 295.9949 
808500 296.6001 
809000 298.3478 
809500 301.8311 
810000 298.0959 
810500 297.6275 
811000 297.7996 
811500 298.2990 
812000 298.2641 
812500 302.5467 
813000 304.7456 
813500 305.8548 
814000 303.4715 
814500 300.2883 
815000 296.5395 
815500 299.1403 
816000 296.2626 
816500 298.4322 
817000 303.1603 
817500 298.1681 
818000 294.8549 
818500 300.9799 
819000 299.2115 
819500 299.9681 
820000 300.4058 
820500 298.5001 
821000 300.7048 
821500 297.8808 
822000 299.4276 
822500 299.2226 
823000 303.1430 
823500 300.6729 
824000 297.4127 
824500 297.0574 
825000 298.2919 
825500 297.0740 
826000 295.9364 
826500 299.4086 
827000 301.2331 
827500 301.5831 
828000 301.1084 
828500 296.4208 
829000 299.2791 
829500 299.4829 
830000 297.7683 
830500 300.4872 
831000 300.7361 
831500 301.3484 
832000 300.7846 
832500 299.5816 
833000 302.9806 
833500 300.9399 
834000 299.7861 
834500 298.4596 
835000 299.3378 
835500 299.8766 
836000 295.2731 
836500 301.0439 
837000 302.4319 
837500 296.6304 
838000 298.1590 
838500 301.5403 
839000 295.0022 
839500 294.4136 
840000 297.9751 
840500 298.8076 
841000 297.8266 
841500 298.8934 
842000 300.7674 
842500 300.0942 
843000 300.3338 
843500 299.3427 
844000 299.8176 
844500 303.6191 
845000 299.7532 
845500 298.4790 
846000 298.9286 
846500 300.0546 
847000 299.7366 
847500 300.5224 
848000 299.8797 
848500 300.8261 
849000 300.5585 
849500 300.9589 
850000 301.1766 
850500 298.5331 
851000 296.2916 
851500 299.2076 
852000 296.3104 
852500 298.5816 
853000 300.3825 
853500 298.9327 
854000 297.7888 
854500 304.4227 
855000 299.8480 
855500 301.0961 
856000 296.5818 
856500 295.5707 
857000 299.9377 
857500 297.7667 
858000 301.8783 
858500 299.5080 
859000 301.4484 
859500 299.4558 
860000 299.6882 
860500 295.3867 
861000 298.7790 
861500 300.4819 
862000 300.3841 
862500 297.6794 
863000 295.5416 
863500 299.1546 
864000 301.9783 
864500 299.6575 
865000 300.4803 
865500 294.8983 
866000 295.7581 
866500 298.4206 
867000 298.2977 
867500 300.7549 
868000 300.3804 
868500 299.1421 
869000 297.6569 
869500 302.0388 
870000 298.3669 
870500 297.8726 
871000 298.3777 
871500 298.1772 
872000 297.3922 
872500 300.5724 
873000 299.4953 
873500 297.8137 
874000 295.5238 
874500 296.2963 
875000 299.5100 
875500 295.5736 
876000 301.9068 
876500 295.4811 
877000 301.3428 
877500 301.0372 
878000 299.0746 
878500 301.2509 
879000 299.6122 
879500 302.0459 
880000 302.0187 
880500 300.4063 
881000 299.6570 
881500 299.8552 
882000 297.7227 
882500 299.8528 
883000 305.3106 
883500 302.9234 
884000 304.9694 
884500 304.0002 
885000 301.9077 
885500 298.6740 
886000 302.2228 
886500 298.0373 
887000 300.5557 
887500 297.8650 
888000 300.5464 
888500 298.5881 
889000 299.1801 
889500 296.0679 
890000 302.8251 
890500 302.7641 
891000 299.5662 
891500 302.5586 
892000 296.2220 
892500 297.5488 
893000 300.0751 
893500 299.9211 
894000 302.5278 
894500 300.1740 
895000 302.6863 
895500 300.4913 
896000 301.8084 
896500 300.7252 
897000 297.1304 
897500 302.6083 
898000 297.9222 
898500 298.1259 
899000 300.6712 
899500 304.7117 
900000 300.0874 
900500 297.4560 
901000 293.5386 
901500 299.6690 
902000 298.8722 
902500 299.0621 
903000 300.0419 
903500 295.6516 
904000 295.0027 
904500 298.5458 
905000 300.3278 
905500 295.4682 
906000 299.8950 
906500 296.6172 
907000 299.0950 
907500 293.5250 
908000 295.7217 
908500 293.2646 
909000 296.4522 
909500 301.5096 
910000 299.4317 
910500 301.2396 
911000 302.0612 
911500 298.5756 
912000 297.2993 
912500 296.5323 
913000 298.8749 
913500 297.2677 
914000 295.9272 
914500 295.7591 
915000 298.7880 
915500 294.6414 
916000 296.3226 
916500 296.3232 
917000 299.9897 
917500 297.1875 
918000 298.3761 
918500 295.8296 
919000 296.0875 
919500 299.9964 
920000 300.4580 
920500 299.5648 
921000 301.8766 
921500 303.2233 
922000 301.7966 
922500 300.4340 
923000 299.3735 
923500 301.1694 
924000 299.2416 
924500 297.1091 
925000 298.6306 
925500 300.0805 
926000 295.5983 
926500 302.5444 
927000 303.0420 
927500 295.6090 
928000 299.4328 
928500 298.9776 
929000 299.6809 
929500 296.6289 
930000 294.2600 
930500 299.6305 
931000 297.5058 
931500 297.4741 
932000 298.9853 
932500 298.1323 
933000 301.1244 
933500 295.2191 
934000 299.4185 
934500 296.5135 
935000 305.5847 
935500 301.5390 
936000 297.1591 
936500 300.0151 
937000 296.0925 
937500 297.1564 
938000 299.9157 
938500 303.7912 
939000 298.4356 
939500 298.2195 
940000 300.0524 
940500 297.2173 
941000 299.4650 
941500 300.2796 
942000 300.2647 
942500 300.6277 
943000 302.2573 
943500 303.2410 
944000 304.1030 
944500 300.4014 
945000 296.5717 
945500 299.8010 
946000 298.5172 
946500 297.8086 
947000 298.2449 
947500 298.1720 
948000 297.1633 
948500 298.9713 
949000 296.8291 
949500 298.1337 
950000 300.3259 
950500 299.3736 
951000 296.5054 
951500 298.5839 
952000 298.4963 
952500 302.3288 
953000 296.4471 
953500 301.9853 
954000 299.1312 
954500 300.1030 
955000 302.1438 
955500 300.8684 
956000 301.1204 
956500 300.3907 
957000 299.3122 
957500 303.6402 
958000 298.0563 
958500 297.8654 
959000 298.1893 
959500 297.3450 
960000 299.2444 
960500 300.2679 
961000 296.7573 
961500 298.8841 
962000 299.1488 
962500 300.6237 
963000 302.3156 
963500 301.5379 
964000 301.2046 
964500 302.7768 
965000 303.2205 
965500 300.7387 
966000 296.6525 
966500 296.9841 
967000 298.9685 
967500 297.9998 
968000 294.0904 
968500 297.2885 
969000 294.3315 
969500 299.2565 
970000 301.4723 
970500 298.0961 
971000 299.9629 
971500 299.5619 
972000 298.9030 
972500 298.4999 
973000 302.0493 
973500 302.6437 
974000 299.4538 
974500 301.2713 
975000 296.6259 
975500 303.3311 
976000 297.2649 
976500 294.7496 
977000 297.5870 
977500 294.9029 
978000 303.6248 
978500 302.0134 
979000 297.9278 
979500 301.0654 
980000 302.3060 
980500 300.4819 
981000 303.7618 
981500 301.4801 
982000 304.0494 
982500 303.1798 
983000 299.0870 
983500 299.7222 
984000 299.1608 
984500 299.0953 
985000 297.9859 
985500 298.4013 
986000 297.9253 
986500 297.1919 
987000 297.1084 
987500 297.4996 
988000 297.7659 
988500 300.7478 
989000 298.8810 
989500 296.6558 
990000 300.0432 
990500 302.9069 
991000 302.5372 
991500 298.2037 
992000 297.1197 
992500 299.3461 
993000 299.4307 
993500 300.0888 
994000 296.9289 
994500 297.4755 
995000 298.0946 
995500 299.4084 
996000 302.4659 
996500 298.6485 
997000 296.3662 
997500 296.8415 
998000 299.0837 
998500 301.5921 
999000 300.6135 
999500 298.9719 
1000000 297.7972 
1000500 296.9621 
1001000 299.1809 
1001500 297.1278 
1002000 298.0609 
1002500 301.4982 
1003000 295.2635 
1003500 297.4866 
1004000 297.8755 
1004500 293.9638 
1005000 298.6025 
1005500 299.3075 
1006000 304.8543 
1006500 300.1817 
1007000 300.5324 
1007500 296.9381 
1008000 301.3442 
1008500 300.9389 
1009000 300.6848 
1009500 299.5705 
1010000 301.7290 
1010500 301.0702 
1011000 299.0249 
1011500 300.6793 
1012000 300.7593 
1012500 297.5160 
1013000 301.6265 
1013500 298.2858 
1014000 296.0333 
1014500 295.9811 
1015000 298.1749 
1015500 296.9883 
1016000 297.6387 
1016500 300.5270 
1017000 301.2606 
1017500 300.1688 
1018000 299.4610 
1018500 299.9824 
1019000 301.1791 
1019500 299.3331 
1020000 299.4072 
1020500 301.5848 
1021000 299.1547 
1021500 301.6866 
1022000 296.8028 
1022500 301.8199 
1023000 304.9528 
1023500 301.8097 
1024000 298.7205 
1024500 298.4568 
1025000 304.2353 
1025500 298.1914 
1026000 298.5863 
1026500 299.8286 
1027000 299.2297 
1027500 297.6623 
1028000 297.6978 
1028500 299.7675 
1029000 299.1718 
1029500 302.9052 
1030000 297.3094 
1030500 301.2636 
1031000 298.4513 
1031500 299.7096 
1032000 298.1099 
1032500 299.2902 
1033000 299.8507 
1033500 300.8789 
1034000 299.0336 
1034500 299.4308 
1035000 298.0595 
1035500 299.0844 
1036000 296.7067 
1036500 298.4955 
1037000 301.2375 
1037500 303.1061 
1038000 298.7370 
1038500 296.4811 
1039000 296.3081 
1039500 299.2850 
1040000 299.8655 
1040500 303.6105 
1041000 299.0749 
1041500 301.7149 
1042000 297.3963 
1042500 297.8885 
1043000 297.1828 
1043500 301.1533 
1044000 300.0041 
1044500 302.7455 
1045000 298.5369 
1045500 299.9759 
1046000 305.7198 
1046500 302.9925 
1047000 302.8310 
1047500 300.0773 
1048000 300.1784 
1048500 298.6722 
1049000 299.5772 
1049500 298.4452 
1050000 301.1059 
1050500 299.9629 
1051000 298.8357 
1051500 302.6472 
1052000 297.6544 
1052500 302.7193 
1053000 299.5949 
1053500 300.3966 
1054000 303.4738 
1054500 303.0850 
1055000 304.4282 
1055500 302.4776 
1056000 302.6809 
1056500 299.4605 
1057000 301.8316 
1057500 298.1285 
1058000 299.9487 
1058500 298.0898 
1059000 298.4632 
1059500 297.9571 
1060000 303.3693 
1060500 301.5902 
1061000 298.1682 
1061500 299.8062 
1062000 301.9614 
1062500 301.6851 
1063000 299.8989 
1063500 297.8549 
1064000 296.7679 
1064500 302.0161 
1065000 303.3594 
1065500 303.2672 
1066000 300.7355 
1066500 304.3927 
1067000 300.1859 
1067500 302.5604 
1068000 300.7407 
1068500 298.7394 
1069000 293.0191 
1069500 298.7809 
1070000 295.7384 
1070500 297.9811 
1071000 298.7011 
1071500 299.0952 
1072000 297.8878 
1072500 298.1533 
1073000 301.7070 
1073500 300.5197 
1074000 297.9674 
1074500 300.9389 
1075000 299.5451 
1075500 299.8582 
1076000 301.5669 
1076500 297.2087 
1077000 296.1389 
1077500 293.9231 
1078000 297.7413 
1078500 299.4218 
1079000 296.7229 
1079500 296.1042 
1080000 296.2745 
1080500 295.3925 
1081000 298.0583 
1081500 301.3636 
1082000 296.5083 
1082500 297.2500 
1083000 300.9555 
1083500 300.1628 
1084000 296.9514 
1084500 298.6663 
1085000 304.4407 
1085500 298.8524 
1086000 299.1235 
1086500 299.7467 
1087000 299.4156 
1087500 298.1366 
1088000 297.2210 
1088500 295.7999 
1089000 297.4289 
1089500 299.5221 
1090000 298.5301 
1090500 300.7357 
1091000 301.0570 
1091500 302.5199 
1092000 301.2674 
1092500 300.6613 
1093000 302.5222 
1093500 304.1813 
1094000 296.1108 
1094500 304.7365 
1095000 301.7784 
1095500 300.1018 
1096000 302.1119 
1096500 300.2938 
1097000 300.5677 
1097500 300.3609 
1098000 297.5592 
1098500 298.5255 
1099000 299.2789 
1099500 300.6107 
1100000 303.7708 
1100500 303.1268 
1101000 301.5605 
1101500 304.3603 
1102000 302.1263 
1102500 301.7633 
1103000 301.0070 
1103500 301.3581 
1104000 304.2696 
1104500 295.5207 
1105000 296.9535 
1105500 297.4406 
1106000 294.1895 
1106500 295.1213 
1107000 298.5384 
1107500 296.0143 
1108000 298.4843 
1108500 297.7979 
1109000 296.7324 
1109500 300.7631 
1110000 301.8568 
1110500 302.9169 
1111000 299.2744 
1111500 303.4810 
1112000 303.2943 
1112500 302.4087 
1113000 298.1705 
1113500 299.2716 
1114000 298.7579 
1114500 295.8913 
1115000 296.9015 
1115500 297.7158 
1116000 293.5633 
1116500 296.1164 
1117000 299.7351 
1117500 298.2897 
1118000 297.2585 
1118500 299.7853 
1119000 300.5021 
1119500 298.3949 
1120000 297.4825 
1120500 299.0892 
1121000 302.9937 
1121500 300.2873 
1122000 301.3704 
1122500 298.4046 
1123000 294.8851 
1123500 297.2204 
1124000 292.6238 
1124500 296.2017 
1125000 297.4329 
1125500 299.2138 
1126000 299.7792 
1126500 299.7473 
1127000 301.5883 
1127500 300.3138 
1128000 299.4563 
1128500 300.6071 
1129000 298.0760 
1129500 299.8211 
1130000 296.9208 
1130500 300.8411 
1131000 298.2743 
1131500 299.6496 
1132000 300.8956 
1132500 297.7514 
1133000 298.5087 
1133500 302.3648 
1134000 302.7941 
1134500 296.8185 
1135000 298.8043 
1135500 302.9576 
1136000 302.8846 
1136500 305.1754 
1137000 301.3585 
1137500 301.5011 
1138000 300.5156 
1138500 294.6621 
1139000 299.5611 
1139500 297.8407 
1140000 297.3585 
1140500 296.2851 
1141000 298.1250 
1141500 297.1214 
1142000 301.9405 
1142500 297.2736 
1143000 296.8048 
1143500 296.8780 
1144000 295.9472 
1144500 299.1485 
1145000 299.8569 
1145500 302.5930 
1146000 298.9809 
1146500 298.2441 
1147000 301.1399 
1147500 297.0369 
1148000 303.6203 
1148500 303.3356 
1149000 301.4532 
1149500 298.7700 
1150000 299.3861 
1150500 301.7048 
1151000 300.0356 
1151500 298.8473 
1152000 302.8591 
1152500 300.1622 
1153000 298.9102 
1153500 299.9616 
1154000 299.5910 
1154500 299.0240 
1155000 298.4636 
1155500 303.0277 
1156000 299.3178 
1156500 297.9384 
1157000 299.1374 
1157500 298.4572 
1158000 293.1562 
1158500 295.7674 
1159000 297.4244 
1159500 297.2176 
1160000 293.3154 
1160500 296.4843 
1161000 297.4463 
1161500 295.1656 
1162000 295.7324 
1162500 296.6043 
1163000 300.5890 
1163500 300.6090 
1164000 301.5148 
1164500 298.4715 
1165000 293.6273 
1165500 297.5850 
1166000 296.9700 
1166500 298.3717 
1167000 294.8593 
1167500 293.0442 
1168000 296.5146 
1168500 296.9724 
1169000 300.6361 
1169500 296.7484 
1170000 297.9799 
1170500 295.4462 
1171000 296.2035 
1171500 299.5428 
1172000 298.6368 
1172500 297.1137 
1173000 298.8008 
1173500 299.9484 
1174000 300.2245 
1174500 297.4042 
1175000 301.8620 
1175500 302.1390 
1176000 299.4023 
1176500 295.4880 
1177000 297.6834 
1177500 299.7966 
1178000 297.0405 
1178500 299.1638 
1179000 299.2678 
1179500 299.7775 
1180000 293.4505 
1180500 299.5755 
1181000 297.4495 
1181500 300.3233 
1182000 300.3356 
1182500 297.0909 
1183000 299.1945 
1183500 297.2236 
1184000 298.1105 
1184500 300.7859 
1185000 297.3303 
1185500 297.8030 
1186000 296.2188 
1186500 298.1172 
1187000 299.9268 
1187500 297.2543 
1188000 297.4373 
1188500 296.0350 
1189000 301.8390 
1189500 297.5622 
1190000 302.0652 
1190500 296.4338 
1191000 298.8421 
1191500 298.7047 
1192000 302.7784 
1192500 303.5822 
1193000 299.4118 
1193500 302.7332 
1194000 298.0926 
1194500 295.9618 
1195000 297.3645 
1195500 297.9841 
1196000 296.4053 
1196500 296.5276 
1197000 300.6453 
1197500 303.2057 
1198000 303.1482 
1198500 297.6937 
1199000 300.9233 
1199500 297.9635 
1200000 298.6598 
1200500 299.2948 
1201000 297.6628 
1201500 300.4414 
1202000 300.2537 
1202500 303.3741 
1203000 296.1172 
1203500 300.1945 
1204000 297.7705 
1204500 297.0256 
1205000 295.9144 
1205500 301.3529 
1206000 297.5356 
1206500 297.5217 
1207000 299.0968 
1207500 299.7936 
1208000 297.8654 
1208500 298.9874 
1209000 300.4615 
1209500 296.6939 
1210000 294.7378 
1210500 297.3256 
1211000 297.7173 
1211500 300.7603 
1212000 296.4826 
1212500 299.2623 
1213000 299.8542 
1213500 298.2333 
1214000 301.2604 
1214500 300.3978 
1215000 303.1412 
1215500 301.4110 
1216000 302.1140 
1216500 299.9648 
1217000 295.3922 
1217500 302.0913 
1218000 301.6442 
1218500 303.6059 
1219000 299.1504 
1219500 296.8608 
1220000 298.0277 
1220500 298.0518 
1221000 298.4414 
1221500 298.8488 
1222000 300.3449 
1222500 298.1267 
1223000 297.3145 
1223500 298.4768 
1224000 300.6753 
1224500 296.9062 
1225000 294.4502 
1225500 298.7206 
1226000 297.9019 
1226500 301.7832 
1227000 297.3467 
1227500 296.3886 
1228000 299.2414 
1228500 299.3500 
1229000 300.2886 
1229500 300.4889 
1230000 298.3050 
1230500 298.7472 
1231000 301.0991 
1231500 296.9114 
1232000 297.8755 
1232500 298.3844 
1233000 297.8677 
1233500 303.2666 
1234000 299.4582 
1234500 300.5237 
1235000 303.0641 
1235500 300.0289 
1236000 301.5078 
1236500 304.3241 
1237000 298.4946 
1237500 303.6772 
1238000 301.6015 
1238500 304.4619 
1239000 301.8815 
1239500 301.8329 
1240000 300.5266 
1240500 300.3389 
1241000 299.2465 
1241500 301.4686 
1242000 304.0313 
1242500 301.5966 
1243000 298.2672 
1243500 298.8129 
1244000 301.6045 
1244500 302.8764 
1245000 298.9254 
1245500 300.3984 
1246000 299.6683 
1246500 299.2648 
1247000 301.0570 
1247500 300.5584 
1248000 297.5916 
1248500 299.4046 
1249000 298.2211 
1249500 299.8578 
1250000 301.9269 
1250500 298.4210 
1251000 297.8891 
1251500 299.7501 
1252000 301.5623 
1252500 298.7767 
1253000 296.5612 
1253500 295.8811 
1254000 298.2013 
1254500 299.1382 
1255000 299.7090 
1255500 299.1192 
1256000 301.8695 
1256500 301.4821 
1257000 305.6060 
1257500 300.5909 
1258000 301.7120 
1258500 300.5896 
1259000 297.8847 
1259500 301.2053 
1260000 296.3215 
1260500 300.2198 
1261000 301.3084 
1261500 302.6146 
1262000 298.2740 
1262500 299.9076 
1263000 303.0605 
1263500 299.5145 
1264000 303.1488 
1264500 298.9825 
1265000 299.5104 
1265500 301.3301 
1266000 298.8801 
1266500 300.0181 
1267000 302.9539 
1267500 299.3950 
1268000 300.5476 
1268500 302.2566 
1269000 300.5471 
1269500 301.6257 
1270000 303.1003 
1270500 305.4258 
1271000 304.1357 
1271500 297.5351 
1272000 302.7358 
1272500 302.2570 
1273000 305.1422 
1273500 303.9744 
1274000 300.7060 
1274500 293.1976 
1275000 297.6634 
1275500 301.3782 
1276000 300.8001 
1276500 296.2475 
1277000 300.0979 
1277500 300.7084 
1278000 298.1764 
1278500 300.5526 
1279000 299.6119 
1279500 298.5420 
1280000 298.8905 
1280500 298.0501 
1281000 297.9223 
1281500 301.3501 
1282000 298.9505 
1282500 299.5960 
1283000 299.6822 
1283500 298.2172 
1284000 300.5893 
1284500 300.9772 
1285000 301.4969 
1285500 299.1835 
1286000 303.9730 
1286500 303.4706 
1287000 305.0673 
1287500 302.4825 
1288000 296.5322 
1288500 299.4387 
1289000 300.7695 
1289500 298.1485 
1290000 300.8963 
1290500 299.6603 
1291000 296.0697 
1291500 298.9618 
1292000 297.1202 
1292500 299.3569 
1293000 298.2703 
1293500 300.3649 
1294000 295.3496 
1294500 296.9640 
1295000 301.8506 
1295500 298.1284 
1296000 296.7990 
1296500 297.4479 
1297000 296.7702 
1297500 303.3824 
1298000 306.5603 
1298500 300.0267 
1299000 298.0216 
1299500 296.5783 
1300000 295.8248 
1300500 297.6127 
1301000 300.5705 
1301500 300.9236 
1302000 298.8990 
1302500 301.6132 
1303000 301.7174 
1303500 302.5574 
1304000 301.6421 
1304500 296.4204 
1305000 298.4075 
1305500 298.7351 
1306000 300.7308 
1306500 303.4193 
1307000 296.5932 
1307500 297.2982 
1308000 297.0816 
1308500 299.4419 
1309000 297.7029 
1309500 299.5954 
1310000 298.5950 
1310500 297.6240 
1311000 300.4761 
1311500 298.6099 
1312000 300.0656 
1312500 298.8618 
1313000 299.4051 
1313500 300.4134 
1314000 302.7914 
1314500 300.2937 
1315000 301.3107 
1315500 299.2194 
1316000 297.1685 
1316500 296.5630 
1317000 299.9335 
1317500 296.6710 
1318000 297.6232 
1318500 301.9389 
1319000 299.8199 
1319500 299.1201 
1320000 296.6582 
1320500 298.5990 
1321000 301.6120 
1321500 299.1259 
1322000 298.0826 
1322500 295.3531 
1323000 299.9655 
1323500 301.5617 
1324000 303.7627 
1324500 299.7177 
1325000 301.2251 
1325500 303.1543 
1326000 300.3916 
1326500 303.2807 
1327000 301.1323 
1327500 304.6478 
1328000 301.3716 
1328500 302.1639 
1329000 300.7915 
1329500 299.4072 
1330000 301.2221 
1330500 306.1366 
1331000 301.3198 
1331500 302.2581 
1332000 298.6862 
1332500 298.5677 
1333000 298.3543 
1333500 295.7820 
1334000 296.4735 
1334500 297.4439 
1335000 297.3404 
1335500 296.7644 
1336000 298.7360 
1336500 302.0415 
1337000 298.5266 
1337500 300.0191 
1338000 298.9777 
1338500 301.0999 
1339000 301.4519 
1339500 300.0794 
1340000 298.2854 
1340500 299.9913 
1341000 299.9962 
1341500 299.7615 
1342000 298.5601 
1342500 297.7203 
1343000 303.3475 
1343500 302.6286 
1344000 302.4392 
1344500 298.2128 
1345000 298.3852 
1345500 300.4785 
1346000 301.4102 
1346500 298.5013 
1347000 299.7480 
1347500 299.9240 
1348000 296.9532 
1348500 297.0651 
1349000 297.7244 
1349500 302.6020 
1350000 300.3996 
1350500 298.9987 
1351000 301.0366 
1351500 299.7759 
1352000 299.8084 
1352500 298.6607 
1353000 302.6405 
1353500 299.4619 
1354000 300.3213 
1354500 301.2357 
1355000 297.1209 
1355500 303.0533 
1356000 303.2118 
1356500 295.4003 
1357000 297.5133 
1357500 298.0056 
1358000 296.3122 
1358500 297.8406 
1359000 301.6927 
1359500 299.3321 
1360000 300.9181 
1360500 300.9321 
1361000 300.2742 
1361500 300.4599 
1362000 294.4858 
1362500 297.6685 
1363000 296.8972 
1363500 297.1426 
1364000 300.4725 
1364500 297.3807 
1365000 300.5816 
1365500 302.0912 
1366000 297.0635 
1366500 296.8303 
1367000 295.8671 
1367500 295.7657 
1368000 299.5714 
1368500 297.2525 
1369000 298.0809 
1369500 298.1250 
1370000 297.7686 
1370500 294.9329 
1371000 296.3216 
1371500 299.4548 
1372000 300.5247 
1372500 304.0212 
1373000 301.5895 
1373500 300.0840 
1374000 302.4815 
1374500 298.3162 
1375000 297.4834 
1375500 299.8239 
1376000 301.9107 
1376500 303.4139 
1377000 298.7267 
1377500 301.6844 
1378000 297.9014 
1378500 300.8848 
1379000 300.8236 
1379500 301.0915 
1380000 297.1707 
1380500 295.4251 
1381000 298.5975 
1381500 300.5718 
1382000 300.0401 
1382500 302.2558 
1383000 303.9899 
1383500 301.3851 
1384000 303.6262 
1384500 304.1537 
1385000 300.9451 
1385500 302.2283 
1386000 298.4926 
1386500 299.7444 
1387000 297.6899 
1387500 299.4371 
1388000 300.1108 
1388500 300.5006 
1389000 300.4432 
1389500 295.7790 
1390000 302.2827 
1390500 299.6977 
1391000 297.6356 
1391500 299.2829 
1392000 300.5259 
1392500 299.7445 
1393000 299.9656 
1393500 297.4380 
1394000 299.2147 
1394500 301.3231 
1395000 301.7801 
1395500 299.7566 
1396000 298.9689 
1396500 298.2443 
1397000 296.6040 
1397500 295.7009 
1398000 299.2842 
1398500 301.1045 
1399000 300.3167 
1399500 299.6876 
1400000 299.6197 
1400500 302.4385 
1401000 301.1797 
1401500 299.5642 
1402000 297.2578 
1402500 296.7044 
1403000 296.3654 
1403500 299.9102 
1404000 297.0742 
1404500 299.1791 
1405000 303.0251 
1405500 297.7122 
1406000 300.1254 
1406500 300.8902 
1407000 299.0709 
1407500 304.8604 
1408000 302.0023 
1408500 300.9263 
1409000 300.6803 
1409500 302.5554 
1410000 300.1607 
1410500 301.6059 
1411000 301.3499 
1411500 300.6209 
1412000 299.9336 
1412500 299.6410 
1413000 295.2988 
1413500 298.2363 
1414000 296.9253 
1414500 297.0721 
1415000 298.7297 
1415500 298.9453 
1416000 301.0481 
1416500 299.9122 
1417000 301.1802 
1417500 295.0543 
1418000 299.5827 
1418500 300.2131 
1419000 294.5585 
1419500 298.3426 
1420000 299.5460 
1420500 300.6525 
1421000 298.7987 
1421500 298.6543 
1422000 296.7298 
1422500 296.2999 
1423000 299.0159 
1423500 296.7747 
1424000 300.1637 
1424500 301.5250 
1425000 298.3562 
1425500 302.0408 
1426000 298.3945 
1426500 300.5001 
1427000 299.8147 
1427500 302.5416 
1428000 297.7867 
1428500 299.4084 
1429000 299.4880 
1429500 302.7574 
1430000 301.4169 
1430500 299.0444 
1431000 299.6811 
1431500 302.8120 
1432000 299.4531 
1432500 302.2595 
1433000 299.6887 
1433500 302.2189 
1434000 301.2995 
1434500 296.8754 
1435000 299.9987 
1435500 296.5875 
1436000 296.4256 
1436500 301.1759 
1437000 298.5708 
1437500 298.6757 
1438000 301.7789 
1438500 301.9278 
1439000 301.8273 
1439500 297.4832 
1440000 301.5612 
1440500 297.6144 
1441000 301.3009 
1441500 298.1718 
1442000 300.0582 
1442500 295.6829 
1443000 297.7340 
1443500 298.5847 
1444000 299.7195 
1444500 299.8600 
1445000 301.2384 
1445500 299.4912 
1446000 296.4553 
1446500 298.9664 
1447000 299.6727 
1447500 299.0930 
1448000 303.7474 
1448500 300.3849 
1449000 300.2571 
1449500 296.8677 
1450000 298.7312 
1450500 298.8425 
1451000 300.3749 
1451500 297.9969 
1452000 298.5392 
1452500 298.0038 
1453000 301.3536 
1453500 299.4730 
1454000 300.2638 
1454500 297.2371 
1455000 299.9766 
1455500 297.0215 
1456000 297.7284 
1456500 297.5739 
1457000 302.2059 
1457500 295.0780 
1458000 299.8707 
1458500 297.9903 
1459000 300.5045 
1459500 295.7259 
1460000 296.0148 
1460500 302.9458 
1461000 300.3087 
1461500 298.6952 
1462000 300.2487 
1462500 300.0786 
1463000 299.0767 
1463500 300.5907 
1464000 302.0401 
1464500 299.0312 
1465000 301.5350 
1465500 297.8263 
1466000 297.7630 
1466500 296.6614 
1467000 298.8258 
1467500 296.4796 
1468000 299.5109 
1468500 298.2663 
1469000 300.6837 
1469500 296.8377 
1470000 296.6503 
1470500 298.9592 
1471000 297.0925 
1471500 298.6008 
1472000 296.9701 
1472500 297.7291 
1473000 297.3517 
1473500 297.8767 
1474000 298.7440 
1474500 298.4520 
1475000 298.3608 
1475500 298.4318 
1476000 299.3513 
1476500 300.6729 
1477000 298.3457 
1477500 300.4019 
1478000 300.9764 
1478500 300.9511 
1479000 298.5421 
1479500 297.3796 
1480000 302.8587 
1480500 297.9821 
1481000 303.5338 
1481500 298.7358 
1482000 298.1369 
1482500 299.0217 
1483000 297.2610 
1483500 300.7884 
1484000 298.4882 
1484500 297.1732 
1485000 298.6708 
1485500 299.6329 
1486000 300.2718 
1486500 298.1285 
1487000 299.8793 
1487500 298.8465 
1488000 300.2128 
1488500 301.0590 
1489000 298.7473 
1489500 300.1109 
1490000 299.8575 
1490500 299.2101 
1491000 298.6278 
1491500 299.5091 
1492000 298.8604 
1492500 299.6516 
1493000 299.2717 
1493500 296.8155 
1494000 298.5295 
1494500 295.3713 
1495000 296.6154 
1495500 302.1071 
1496000 296.1923 
1496500 302.3957 
1497000 298.8326 
1497500 299.0094 
1498000 297.7596 
1498500 299.1714 
1499000 293.7415 
1499500 295.9835 
1500000 294.4428 
1500500 294.9045 
